#the number of patterns to be recognized
6

#marker 1
patterns/artoolkit/multi/patt.a
40.0
0.0 0.0
1.0000 0.0000 0.0000 -100.0000
0.0000 1.0000 0.0000   50.0000
0.0000 0.0000 1.0000    0.0000

#marker 2
patterns/artoolkit/multi/patt.b
40.0
0.0 0.0
1.0000 0.0000 0.0000    0.0000
0.0000 1.0000 0.0000   50.0000
0.0000 0.0000 1.0000    0.0000

#marker 3
patterns/artoolkit/multi/patt.c
40.0
0.0 0.0
1.0000 0.0000 0.0000  100.0000
0.0000 1.0000 0.0000   50.0000
0.0000 0.0000 1.0000    0.0000

#marker 4
patterns/artoolkit/multi/patt.d
40.0
0.0 0.0
1.0000 0.0000 0.0000 -100.0000
0.0000 1.0000 0.0000  -50.0000
0.0000 0.0000 1.0000    0.0000

#marker 5
patterns/artoolkit/multi/patt.g
40.0
0.0 0.0
1.0000 0.0000 0.0000    0.0000
0.0000 1.0000 0.0000  -50.0000
0.0000 0.0000 1.0000    0.0000

#marker 6
patterns/artoolkit/multi/patt.f
40.0
0.0 0.0
1.0000 0.0000 0.0000  100.0000
0.0000 1.0000 0.0000  -50.0000
0.0000 0.0000 1.0000    0.0000
