#the number of patterns to be recognized
6

#marker 1
data/artoolkit/multi/patt.a
40.0
0.0 0.0
1.0000 0.0000 0.0000 -100.0000
0.0000 1.0000 0.0000   50.0000
0.0000 0.0000 1.0000    0.0000

#marker 2
data/artoolkit/multi/patt.b
40.0
0.0 0.0
1.0000 0.0000 0.0000    0.0000
0.0000 1.0000 0.0000   50.0000
0.0000 0.0000 1.0000    0.0000

#marker 3
data/artoolkit/multi/patt.c
40.0
0.0 0.0
1.0000 0.0000 0.0000  100.0000
0.0000 1.0000 0.0000   50.0000
0.0000 0.0000 1.0000    0.0000

#marker 4
data/artoolkit/multi/patt.d
40.0
0.0 0.0
1.0000 0.0000 0.0000 -100.0000
0.0000 1.0000 0.0000  -50.0000
0.0000 0.0000 1.0000    0.0000

#marker 5
data/artoolkit/multi/patt.g
40.0
0.0 0.0
1.0000 0.0000 0.0000    0.0000
0.0000 1.0000 0.0000  -50.0000
0.0000 0.0000 1.0000    0.0000

#marker 6
data/artoolkit/multi/patt.f
40.0
0.0 0.0
1.0000 0.0000 0.0000  100.0000
0.0000 1.0000 0.0000  -50.0000
0.0000 0.0000 1.0000    0.0000
