 240 243 244 245 245 244 245 244 245 244 247 245 239 234 236 234
 242 245 244 244 208 153 151 146 148 153 187 241 244 244 245 244
 244 244 243 243 183  33  21  19  19  22  26 119 238 244 244 243
 242 244 243 244 184  33  84 193 200 170  79  25 174 243 244 244
 241 243 244 245 188  30 103 238 243 244 153  26 130 244 243 244
 242 242 242 244 193  35  80 193 205 191  81  27 181 244 242 244
 242 243 243 244 181  35  24  33  34  30  22  76 235 243 242 244
 242 243 243 243 169  36  53 115 124 118  67  24 138 242 242 242
 241 242 242 242 169  37 103 245 243 243 218  42  40 246 243 243
 209 212 208 239 173  39 121 245 242 243 220  40  32 247 242 242
  47  45  53 226 176  41  80 159 159 150  86  28  82 244 243 243
  22  22  28 225 183  42  20  24  27  25  26  81 215 243 243 243
  22  22  25 222 232 201 182 185 187 194 215 241 244 242 243 243
  22  22  24 215 244 244 243 243 243 243 244 244 243 243 244 243
  22  22  23 212 245 245 245 244 243 243 243 243 243 243 243 243
  22  22  24 220 245 245 245 244 244 244 244 244 244 244 244 242
 240 242 244 244 244 245 245 245 245 245 245 245 244 244 242 241
 242 245 246 247 205 112 109 108 103 122 185 244 247 245 245 243
 244 247 248 248 175  21  21  21  21  21  23  83 240 248 247 245
 246 249 250 250 182  21  80 210 212 179  64  21 161 250 249 248
 248 250 251 251 187  20  91 252 251 251 138  21 115 251 251 249
 250 251 252 251 194  21  75 193 196 181  56  21 176 251 251 250
 250 251 252 251 182  21  21  20  20  21  22  63 240 252 251 252
 251 252 252 251 170  21  51 139 138 130  50  22 116 251 252 252
 250 252 252 251 177  22  93 251 252 252 223  32  26 246 252 252
 222 221 218 246 181  20 113 251 252 251 231  30  22 246 252 252
  22  23  29 227 186  21  76 154 153 146  76  22  59 252 252 252
  22  22  26 222 188  22  20  21  22  23  23  70 213 252 252 250
  22  22  25 218 231 193 165 161 168 178 205 247 251 252 251 250
  22  22  23 214 249 250 252 251 251 251 251 251 251 250 250 248
  22  22  23 206 248 248 249 251 250 250 250 250 249 249 248 246
  22  22  23 217 244 246 246 247 247 246 247 246 246 245 244 243
 243 244 245 244 245 245 245 244 244 244 245 245 245 242 241 239
 246 247 247 246 202 105 101  98  97 109 173 241 246 245 245 243
 247 248 247 248 176  20  20  21  21  21  22  77 233 246 246 244
 247 247 246 247 177  20  80 206 206 176  66  21 157 247 246 245
 247 246 247 246 179  20  96 246 246 247 139  20 114 244 246 247
 246 247 247 247 182  19  72 190 198 180  49  20 173 246 246 246
 246 247 247 247 164  19  22  20  21  21  22  65 237 247 246 247
 246 247 247 247 146  19  50 125 127 119  57  21 115 246 247 247
 248 247 247 247 148  18  91 247 247 247 213  25  28 242 247 247
 221 218 214 244 153  18 111 246 246 246 221  23  22 242 247 247
  21  20  30 239 158  18  74 152 148 137  72  19  56 245 247 247
  22  22  25 233 169  19  21  21  22  22  24  66 204 246 247 247
  22  22  24 224 224 186 163 160 167 176 195 243 246 247 246 246
  22  22  21 215 247 246 247 247 247 247 247 247 247 246 246 248
  22  22  23 211 248 248 247 247 247 246 246 246 246 246 247 246
  22  22  23 224 245 247 245 246 246 246 246 247 246 247 244 245

 234 244 243 244 244 244 244 242 243 242 243 243 243 243 243 242
 236 245 244 244 243 242 242 242 243 242 243 243 243 244 243 244
 234 244 244 243 244 244 243 242 246 247 244 243 242 243 243 244
 239 244 238 174 130 181 235 138  40  32  82 215 244 243 243 244
 245 241 119  25  26  27  76  24  42  40  28  81 241 244 243 244
 247 187  26  79 153  81  22  67 218 220  86  26 215 244 243 244
 244 153  22 170 244 191  30 118 243 243 150  25 194 243 243 244
 245 148  19 200 243 205  34 124 243 242 159  27 187 243 243 244
 244 146  19 193 238 193  33 115 245 245 159  24 185 243 244 244
 245 151  21  84 103  80  24  53 103 121  80  20 182 243 245 245
 244 153  33  33  30  35  35  36  37  39  41  42 201 244 245 245
 245 208 183 184 188 193 181 169 169 173 176 183 232 244 245 245
 245 244 243 244 245 244 244 243 242 239 226 225 222 215 212 220
 244 244 243 243 244 242 243 243 242 208  53  28  25  24  23  24
 243 245 244 244 243 242 243 243 242 212  45  22  22  22  22  22
 240 242 244 242 241 242 242 242 241 209  47  22  22  22  22  22
 241 243 245 248 249 250 252 252 252 252 252 250 250 248 246 243
 242 245 247 249 251 251 251 252 252 252 252 252 251 250 248 244
 244 245 248 250 251 251 252 251 246 246 252 252 252 250 249 245
 244 247 240 161 115 176 240 116  26  22  59 213 251 251 249 246
 245 244  83  21  21  21  63  22  32  30  22  70 247 251 250 246
 245 185  23  64 138  56  22  50 223 231  76  23 205 251 250 247
 245 122  21 179 251 181  21 130 252 251 146  23 178 251 250 246
 245 103  21 212 251 196  20 138 252 252 153  22 168 251 250 247
 245 108  21 210 252 193  20 139 251 251 154  21 161 251 251 247
 245 109  21  80  91  75  21  51  93 113  76  20 165 252 249 246
 245 112  21  21  20  21  21  21  22  20  21  22 193 250 248 246
 244 205 175 182 187 194 182 170 177 181 186 188 231 249 248 244
 244 247 248 250 251 251 251 251 251 246 227 222 218 214 206 217
 244 246 248 250 251 252 252 252 252 218  29  26  25  23  23  23
 242 245 247 249 250 251 251 252 252 221  23  22  22  22  22  22
 240 242 244 246 248 250 250 251 250 222  22  22  22  22  22  22
 239 243 244 245 247 246 247 247 247 247 247 247 246 248 246 245
 241 245 246 246 246 246 246 247 247 247 247 247 246 246 247 244
 242 245 246 247 244 246 247 246 242 242 245 246 247 246 246 247
 245 246 233 157 114 173 237 115  28  22  56 204 246 247 246 246
 245 241  77  21  20  20  65  21  25  23  19  66 243 247 246 247
 245 173  22  66 139  49  22  57 213 221  72  24 195 247 246 246
 244 109  21 176 247 180  21 119 247 246 137  22 176 247 246 246
 244  97  21 206 246 198  21 127 247 246 148  22 167 247 247 246
 244  98  21 206 246 190  20 125 247 246 152  21 160 247 247 246
 245 101  20  80  96  72  22  50  91 111  74  21 163 247 247 245
 245 105  20  20  20  19  19  19  18  18  18  19 186 246 248 247
 245 202 176 177 179 182 164 146 148 153 158 169 224 247 248 245
 244 246 248 247 246 247 247 247 247 244 239 233 224 215 211 224
 245 247 247 246 247 247 247 247 247 214  30  25  24  21  23  23
 244 247 248 247 246 247 247 247 247 218  20  22  22  22  22  22
 243 246 247 247 247 246 246 246 248 221  21  22  22  22  22  22

 242 244 244 244 244 244 244 244 244 245 245 245 220  24  22  22
 243 243 243 243 243 243 243 243 244 245 245 245 212  23  22  22
 243 244 243 243 244 244 243 243 243 243 244 244 215  24  22  22
 243 243 242 244 241 215 194 187 185 182 201 232 222  25  22  22
 243 243 243 215  81  26  25  27  24  20  42 183 225  28  22  22
 243 243 244  82  28  86 150 159 159  80  41 176 226  53  45  47
 242 242 247  32  40 220 243 242 245 121  39 173 239 208 212 209
 243 243 246  40  42 218 243 243 245 103  37 169 242 242 242 241
 242 242 242 138  24  67 118 124 115  53  36 169 243 243 243 242
 244 242 243 235  76  22  30  34  33  24  35 181 244 243 243 242
 244 242 244 181  27  81 191 205 193  80  35 193 244 242 242 242
 244 243 244 130  26 153 244 243 238 103  30 188 245 244 243 241
 244 244 243 174  25  79 170 200 193  84  33 184 244 243 244 242
 243 244 244 238 119  26  22  19  19  21  33 183 243 243 244 244
 244 245 244 244 241 187 153 148 146 151 153 208 244 244 245 242
 234 236 234 239 245 247 244 245 244 245 244 245 245 244 243 240
 243 244 245 246 246 247 246 247 247 246 246 244 217  23  22  22
 246 248 249 249 250 250 250 250 251 249 248 248 206  23  22  22
 248 250 250 251 251 251 251 251 251 252 250 249 214  23  22  22
 250 251 252 251 247 205 178 168 161 165 193 231 218  25  22  22
 250 252 252 213  70  23  23  22  21  20  22 188 222  26  22  22
 252 252 252  59  22  76 146 153 154  76  21 186 227  29  23  22
 252 252 246  22  30 231 251 252 251 113  20 181 246 218 221 222
 252 252 246  26  32 223 252 252 251  93  22 177 251 252 252 250
 252 252 251 116  22  50 130 138 139  51  21 170 251 252 252 251
 252 251 252 240  63  22  21  20  20  21  21 182 251 252 251 250
 250 251 251 176  21  56 181 196 193  75  21 194 251 252 251 250
 249 251 251 115  21 138 251 251 252  91  20 187 251 251 250 248
 248 249 250 161  21  64 179 212 210  80  21 182 250 250 249 246
 245 247 248 240  83  23  21  21  21  21  21 175 248 248 247 244
 243 245 245 247 244 185 122 103 108 109 112 205 247 246 245 242
 241 242 244 244 245 245 245 245 245 245 245 244 244 244 242 240
 245 244 247 246 247 246 246 246 246 245 247 245 224  23  22  22
 246 247 246 246 246 246 246 247 247 247 248 248 211  23  22  22
 248 246 246 247 247 247 247 247 247 247 246 247 215  21  22  22
 246 246 247 246 243 195 176 167 160 163 186 224 224  24  22  22
 247 247 246 204  66  24  22  22  21  21  19 169 233  25  22  22
 247 247 245  56  19  72 137 148 152  74  18 158 239  30  20  21
 247 247 242  22  23 221 246 246 246 111  18 153 244 214 218 221
 247 247 242  28  25 213 247 247 247  91  18 148 247 247 247 248
 247 247 246 115  21  57 119 127 125  50  19 146 247 247 247 246
 247 246 247 237  65  22  21  21  20  22  19 164 247 247 247 246
 246 246 246 173  20  49 180 198 190  72  19 182 247 247 247 246
 247 246 244 114  20 139 247 246 246  96  20 179 246 247 246 247
 245 246 247 157  21  66 176 206 206  80  20 177 247 246 247 247
 244 246 246 233  77  22  21  21  21  20  20 176 248 247 248 247
 243 245 245 246 241 173 109  97  98 101 105 202 246 247 247 246
 239 241 242 245 245 245 244 244 244 245 245 245 244 245 244 243

  22  22  22  22  22  47 209 241 242 242 242 241 242 244 242 240
  22  22  22  22  22  45 212 242 243 243 242 243 244 244 245 243
  24  23  24  25  28  53 208 242 243 243 242 244 243 243 244 244
 220 212 215 222 225 226 239 242 243 244 244 245 244 243 244 245
 245 245 244 232 183 176 173 169 169 181 193 188 184 183 208 245
 245 245 244 201  42  41  39  37  36  35  35  30  33  33 153 244
 245 245 243 182  20  80 121 103  53  24  80 103  84  21 151 245
 244 244 243 185  24 159 245 245 115  33 193 238 193  19 146 244
 244 243 243 187  27 159 242 243 124  34 205 243 200  19 148 245
 244 243 243 194  25 150 243 243 118  30 191 244 170  22 153 244
 244 243 244 215  26  86 220 218  67  22  81 153  79  26 187 247
 244 243 244 241  81  28  40  42  24  76  27  26  25 119 241 245
 244 243 243 244 215  82  32  40 138 235 181 130 174 238 244 239
 244 243 243 242 243 244 247 246 242 243 244 244 243 244 244 234
 244 243 244 243 243 243 242 243 242 242 242 243 244 244 245 236
 242 243 243 243 243 243 242 243 242 244 244 244 244 243 244 234
  22  22  22  22  22  22 222 250 251 250 250 248 246 244 242 240
  22  22  22  22  22  23 221 252 252 251 251 250 249 247 245 242
  23  23  23  25  26  29 218 252 252 252 252 251 250 248 246 244
 217 206 214 218 222 227 246 251 251 251 251 251 250 248 247 244
 244 248 249 231 188 186 181 177 170 182 194 187 182 175 205 244
 246 248 250 193  22  21  20  22  21  21  21  20  21  21 112 245
 246 249 252 165  20  76 113  93  51  21  75  91  80  21 109 245
 247 251 251 161  21 154 251 251 139  20 193 252 210  21 108 245
 247 250 251 168  22 153 252 252 138  20 196 251 212  21 103 245
 246 250 251 178  23 146 251 252 130  21 181 251 179  21 122 245
 247 250 251 205  23  76 231 223  50  22  56 138  64  23 185 245
 246 250 251 247  70  22  30  32  22  63  21  21  21  83 244 245
 246 249 251 251 213  59  22  26 116 240 176 115 161 240 247 244
 245 249 250 252 252 252 246 246 251 252 251 251 250 248 245 244
 244 248 250 251 252 252 252 252 252 251 251 251 249 247 245 242
 243 246 248 250 250 252 252 252 252 252 250 249 248 245 243 241
  22  22  22  22  22  21 221 248 246 246 246 247 247 247 246 243
  22  22  22  22  22  20 218 247 247 247 247 246 247 248 247 244
  23  23  21  24  25  30 214 247 247 247 247 247 246 247 247 245
 224 211 215 224 233 239 244 247 247 247 247 246 247 248 246 244
 245 248 247 224 169 158 153 148 146 164 182 179 177 176 202 245
 247 248 246 186  19  18  18  18  19  19  19  20  20  20 105 245
 245 247 247 163  21  74 111  91  50  22  72  96  80  20 101 245
 246 247 247 160  21 152 246 247 125  20 190 246 206  21  98 244
 246 247 247 167  22 148 246 247 127  21 198 246 206  21  97 244
 246 246 247 176  22 137 246 247 119  21 180 247 176  21 109 244
 246 246 247 195  24  72 221 213  57  22  49 139  66  22 173 245
 247 246 247 243  66  19  23  25  21  65  20  20  21  77 241 245
 246 246 247 246 204  56  22  28 115 237 173 114 157 233 246 245
 247 246 246 247 246 245 242 242 246 247 246 244 247 246 245 242
 244 247 246 246 247 247 247 247 247 246 246 246 246 246 245 241
 245 246 248 246 247 247 247 247 247 247 246 247 245 244 243 239

