 238 243 243 243 241 244 246 245 243 245 244 243 241 239 237 235
 241 244 245 245 199 102 100 102 105 125 167 229 243 243 242 237
 244 245 245 245 179  27  22  21  23  22  27  97 233 243 243 241
 244 245 244 243 181  27 126 241 242 217  89  21 163 244 245 241
 243 244 244 243 183  28 131 246 244 243 142  20 150 245 243 243
 245 243 244 243 186  29  99 186 184 161  58  22 197 244 244 243
 244 244 243 244 186  29  22  25  25  23  20  78 228 243 244 244
 245 243 243 243 188  30  83 171 170 158  82  24 110 243 243 243
 244 244 243 244 188  31 128 241 243 242 232  49  29 242 244 244
 243 243 243 243 190  33 125 244 242 244 220  47  28 243 244 244
 243 245 244 244 191  32  49 113 125 133  59  22 102 242 244 243
 242 245 245 245 193  37  21  24  25  23  33 113 231 243 243 244
 242 245 245 244 235 215 212 212 213 224 235 240 245 243 241 238
 240 244 245 245 245 245 245 245 244 246 244 243 244 170  79  70
 236 242 243 243 245 245 245 246 244 244 243 243 241 145  22  22
 231 239 239 239 242 241 243 243 242 241 240 239 238 140  22  22
 238 240 240 241 242 242 242 242 242 243 243 243 242 241 240 238
 239 242 243 245 197  99 100  99 101 117 158 235 243 243 241 241
 242 244 245 246 173  21  22  22  21  21  21  73 226 244 244 243
 243 245 246 247 176  21 117 235 235 209  77  21 151 246 246 245
 244 247 248 248 179  21 123 247 249 249 132  21 140 246 247 246
 246 249 250 249 186  21  93 183 183 154  38  24 191 249 249 246
 247 249 250 249 187  21  21  21  20  22  22  70 232 250 249 249
 247 250 250 250 188  21  77 156 156 146  73  21  89 249 250 249
 247 250 250 249 189  21 116 251 251 251 239  21  22 245 250 248
 246 249 250 250 191  21 116 250 251 250 227  19  24 247 249 248
 245 248 249 250 192  21  48 107 122 124  42  22  80 247 248 247
 242 245 247 247 193  23  22  21  21  22  25  92 225 248 247 245
 241 243 245 246 233 203 202 203 202 207 241 246 246 244 242 241
 239 241 243 243 244 244 245 246 245 244 245 245 244 150  61  55
 236 238 240 240 241 243 242 242 242 243 242 241 239 121  21  22
 231 234 236 236 237 237 239 238 239 237 237 237 235 116  21  22
 241 244 244 243 242 243 242 242 243 243 244 242 242 241 239 237
 244 246 245 243 196  87  87  88  89 108 150 231 245 243 242 241
 245 247 246 246 175  20  21  22  23  22  20  69 222 246 245 241
 246 247 247 248 178  20 119 243 242 213  80  22 145 247 246 244
 248 246 247 247 181  21 124 247 247 246 129  20 128 249 247 247
 250 248 248 248 176  21  97 187 184 150  34  23 187 247 246 247
 248 247 247 248 178  20  21  19  20  20  21  73 227 246 246 246
 248 246 246 247 178  21  75 154 156 148  75  22  89 244 246 247
 248 246 246 248 179  22 120 247 246 246 231  28  27 245 247 246
 248 247 247 247 182  21 118 247 246 246 221  22  25 245 247 247
 248 249 247 247 184  20  48 113 127 126  41  21  80 245 247 246
 248 248 248 248 186  20  21  21  22  21  23  88 223 246 246 245
 244 246 247 246 232 190 193 194 195 201 240 246 247 245 244 242
 242 246 246 246 246 246 246 246 247 246 245 244 243 150  59  52
 237 240 241 242 243 243 243 245 243 242 243 242 241 118  21  22
 237 237 237 237 239 240 239 241 241 239 239 238 238 113  20  22

 235 237 241 241 243 243 244 243 244 244 243 244 238  70  22  22
 237 242 243 245 243 244 244 243 244 244 244 243 241  79  22  22
 239 243 243 244 245 244 243 243 242 243 242 243 243 170 145 140
 241 243 233 163 150 197 228 110  29  28 102 231 245 244 241 238
 243 229  97  21  20  22  78  24  49  47  22 113 240 243 243 239
 244 167  27  89 142  58  20  82 232 220  59  33 235 244 243 240
 245 125  22 217 243 161  23 158 242 244 133  23 224 246 244 241
 243 105  23 242 244 184  25 170 243 242 125  25 213 244 244 242
 245 102  21 241 246 186  25 171 241 244 113  24 212 245 246 243
 246 100  22 126 131  99  22  83 128 125  49  21 212 245 245 243
 244 102  27  27  28  29  29  30  31  33  32  37 215 245 245 241
 241 199 179 181 183 186 186 188 188 190 191 193 235 245 245 242
 243 245 245 243 243 243 244 243 244 243 244 245 244 245 243 239
 243 245 245 244 244 244 243 243 243 243 244 245 245 245 243 239
 243 244 245 245 244 243 244 243 244 243 245 245 245 244 242 239
 238 241 244 244 243 245 244 245 244 243 243 242 242 240 236 231
 238 241 243 245 246 246 249 249 248 248 247 245 241  55  22  22
 240 241 244 246 247 249 249 250 250 249 248 247 242  61  21  21
 241 243 244 246 246 249 250 249 245 247 247 248 244 150 121 116
 242 243 226 151 140 191 232  89  22  24  80 225 246 244 239 235
 243 235  73  21  21  24  70  21  21  19  22  92 246 245 241 237
 243 158  21  77 132  38  22  73 239 227  42  25 241 245 242 237
 243 117  21 209 249 154  22 146 251 250 124  22 207 244 243 237
 242 101  21 235 249 183  20 156 251 251 122  21 202 245 242 239
 242  99  22 235 247 183  21 156 251 250 107  21 203 246 242 238
 242 100  22 117 123  93  21  77 116 116  48  22 202 245 242 239
 242  99  21  21  21  21  21  21  21  21  21  23 203 244 243 237
 242 197 173 176 179 186 187 188 189 191 192 193 233 244 241 237
 241 245 246 247 248 249 249 250 249 250 250 247 246 243 240 236
 240 243 245 246 248 250 250 250 250 250 249 247 245 243 240 236
 240 242 244 245 247 249 249 250 250 249 248 245 243 241 238 234
 238 239 242 243 244 246 247 247 247 246 245 242 241 239 236 231
 237 241 241 244 247 247 246 247 246 247 246 245 242  52  22  22
 239 242 245 246 247 246 246 246 247 247 247 246 244  59  21  20
 241 243 246 247 249 247 246 244 245 245 245 246 245 150 118 113
 242 245 222 145 128 187 227  89  27  25  80 223 247 243 241 238
 242 231  69  22  20  23  73  22  28  22  21  88 246 244 242 238
 244 150  20  80 129  34  21  75 231 221  41  23 240 245 243 239
 243 108  22 213 246 150  20 148 246 246 126  21 201 246 242 239
 243  89  23 242 247 184  20 156 246 246 127  22 195 247 243 241
 242  88  22 243 247 187  19 154 247 247 113  21 194 246 245 241
 242  87  21 119 124  97  21  75 120 118  48  21 193 246 243 239
 243  87  20  20  21  21  20  21  22  21  20  20 190 246 243 240
 242 196 175 178 181 176 178 178 179 182 184 186 232 246 243 239
 243 243 246 248 247 248 248 247 248 247 247 248 246 246 242 237
 244 245 246 247 247 248 247 246 246 247 247 248 247 246 241 237
 244 246 247 247 246 248 247 246 246 247 249 248 246 246 240 237
 241 244 245 246 248 250 248 248 248 248 248 248 244 242 237 237

  22  22 140 238 239 240 241 242 243 243 241 242 239 239 239 231
  22  22 145 241 243 243 244 244 246 245 245 245 243 243 242 236
  70  79 170 244 243 244 246 244 245 245 245 245 245 245 244 240
 238 241 243 245 240 235 224 213 212 212 215 235 244 245 245 242
 244 243 243 231 113  33  23  25  24  21  37 193 245 245 245 242
 243 244 242 102  22  59 133 125 113  49  32 191 244 244 245 243
 244 244 243  28  47 220 244 242 244 125  33 190 243 243 243 243
 244 244 242  29  49 232 242 243 241 128  31 188 244 243 244 244
 243 243 243 110  24  82 158 170 171  83  30 188 243 243 243 245
 244 244 243 228  78  20  23  25  25  22  29 186 244 243 244 244
 243 244 244 197  22  58 161 184 186  99  29 186 243 244 243 245
 243 243 245 150  20 142 243 244 246 131  28 183 243 244 244 243
 241 245 244 163  21  89 217 242 241 126  27 181 243 244 245 244
 241 243 243 233  97  27  22  23  21  22  27 179 245 245 245 244
 237 242 243 243 229 167 125 105 102 100 102 199 245 245 244 241
 235 237 239 241 243 244 245 243 245 246 244 241 243 243 243 238
  22  21 116 235 237 237 237 239 238 239 237 237 236 236 234 231
  22  21 121 239 241 242 243 242 242 242 243 241 240 240 238 236
  55  61 150 244 245 245 244 245 246 245 244 244 243 243 241 239
 241 242 244 246 246 241 207 202 203 202 203 233 246 245 243 241
 245 247 248 225  92  25  22  21  21  22  23 193 247 247 245 242
 247 248 247  80  22  42 124 122 107  48  21 192 250 249 248 245
 248 249 247  24  19 227 250 251 250 116  21 191 250 250 249 246
 248 250 245  22  21 239 251 251 251 116  21 189 249 250 250 247
 249 250 249  89  21  73 146 156 156  77  21 188 250 250 250 247
 249 249 250 232  70  22  22  20  21  21  21 187 249 250 249 247
 246 249 249 191  24  38 154 183 183  93  21 186 249 250 249 246
 246 247 246 140  21 132 249 249 247 123  21 179 248 248 247 244
 245 246 246 151  21  77 209 235 235 117  21 176 247 246 245 243
 243 244 244 226  73  21  21  21  22  22  21 173 246 245 244 242
 241 241 243 243 235 158 117 101  99 100  99 197 245 243 242 239
 238 240 241 242 243 243 243 242 242 242 242 242 241 240 240 238
  22  20 113 238 238 239 239 241 241 239 240 239 237 237 237 237
  22  21 118 241 242 243 242 243 245 243 243 243 242 241 240 237
  52  59 150 243 244 245 246 247 246 246 246 246 246 246 246 242
 242 244 245 247 246 240 201 195 194 193 190 232 246 247 246 244
 245 246 246 223  88  23  21  22  21  21  20 186 248 248 248 248
 246 247 245  80  21  41 126 127 113  48  20 184 247 247 249 248
 247 247 245  25  22 221 246 246 247 118  21 182 247 247 247 248
 246 247 245  27  28 231 246 246 247 120  22 179 248 246 246 248
 247 246 244  89  22  75 148 156 154  75  21 178 247 246 246 248
 246 246 246 227  73  21  20  20  19  21  20 178 248 247 247 248
 247 246 247 187  23  34 150 184 187  97  21 176 248 248 248 250
 247 247 249 128  20 129 246 247 247 124  21 181 247 247 246 248
 244 246 247 145  22  80 213 242 243 119  20 178 248 247 247 246
 241 245 246 222  69  20  22  23  22  21  20 175 246 246 247 245
 241 242 243 245 231 150 108  89  88  87  87 196 243 245 246 244
 237 239 241 242 242 244 243 243 242 242 243 242 243 244 244 241

 231 236 240 242 242 243 243 244 245 244 245 243 244 244 241 238
 239 242 244 245 245 245 243 244 243 244 243 244 245 245 244 243
 239 243 245 245 245 244 243 243 243 243 244 244 244 245 245 243
 239 243 245 244 245 244 243 244 243 244 243 243 243 245 245 243
 242 245 245 235 193 191 190 188 188 186 186 183 181 179 199 241
 241 245 245 215  37  32  33  31  30  29  29  28  27  27 102 244
 243 245 245 212  21  49 125 128  83  22  99 131 126  22 100 246
 243 246 245 212  24 113 244 241 171  25 186 246 241  21 102 245
 242 244 244 213  25 125 242 243 170  25 184 244 242  23 105 243
 241 244 246 224  23 133 244 242 158  23 161 243 217  22 125 245
 240 243 244 235  33  59 220 232  82  20  58 142  89  27 167 244
 239 243 243 240 113  22  47  49  24  78  22  20  21  97 229 243
 238 241 244 245 231 102  28  29 110 228 197 150 163 233 243 241
 140 145 170 243 243 242 243 242 243 243 244 245 244 243 243 239
  22  22  79 241 243 244 244 244 243 244 244 243 245 243 242 237
  22  22  70 238 244 243 244 244 243 244 243 243 241 241 237 235
 231 236 239 241 242 245 246 247 247 247 246 244 243 242 239 238
 234 238 241 243 245 248 249 250 250 249 249 247 245 244 242 240
 236 240 243 245 247 249 250 250 250 250 250 248 246 245 243 240
 236 240 243 246 247 250 250 249 250 249 249 248 247 246 245 241
 237 241 244 233 193 192 191 189 188 187 186 179 176 173 197 242
 237 243 244 203  23  21  21  21  21  21  21  21  21  21  99 242
 239 242 245 202  22  48 116 116  77  21  93 123 117  22 100 242
 238 242 246 203  21 107 250 251 156  21 183 247 235  22  99 242
 239 242 245 202  21 122 251 251 156  20 183 249 235  21 101 242
 237 243 244 207  22 124 250 251 146  22 154 249 209  21 117 243
 237 242 245 241  25  42 227 239  73  22  38 132  77  21 158 243
 237 241 245 246  92  22  19  21  21  70  24  21  21  73 235 243
 235 239 244 246 225  80  24  22  89 232 191 140 151 226 243 242
 116 121 150 244 248 247 247 245 249 250 249 246 246 244 243 241
  21  21  61 242 247 248 249 250 250 249 249 247 246 244 241 240
  22  22  55 241 245 247 248 248 249 249 246 246 245 243 241 238
 237 237 242 244 248 248 248 248 248 248 250 248 246 245 244 241
 237 240 246 246 248 249 247 246 246 247 248 246 247 247 246 244
 237 241 246 247 248 247 247 246 246 247 248 247 247 246 245 244
 237 242 246 246 248 247 247 248 247 248 248 247 248 246 243 243
 239 243 246 232 186 184 182 179 178 178 176 181 178 175 196 242
 240 243 246 190  20  20  21  22  21  20  21  21  20  20  87 243
 239 243 246 193  21  48 118 120  75  21  97 124 119  21  87 242
 241 245 246 194  21 113 247 247 154  19 187 247 243  22  88 242
 241 243 247 195  22 127 246 246 156  20 184 247 242  23  89 243
 239 242 246 201  21 126 246 246 148  20 150 246 213  22 108 243
 239 243 245 240  23  41 221 231  75  21  34 129  80  20 150 244
 238 242 244 246  88  21  22  28  22  73  23  20  22  69 231 242
 238 241 243 247 223  80  25  27  89 227 187 128 145 222 245 242
 113 118 150 245 246 245 245 245 244 246 247 249 247 246 243 241
  20  21  59 244 246 247 247 247 246 246 246 247 246 245 242 239
  22  22  52 242 245 246 247 246 247 246 247 247 244 241 241 237

