 229 236 238 238 236 239 238 237 238 238 238 234 232 230 230 228
 234 240 241 242 230 110 100  98  99 105 144 215 236 236 235 234
 239 242 244 245 231  36  21  19  22  19  22  62 212 239 238 237
 240 244 245 244 234  39  40 227 240 230 126  25 102 236 240 239
 241 246 247 247 237  39  43 235 245 244 195  33  64 238 242 240
 244 247 247 247 240  38  33 182 182 163  98  30 124 242 244 241
 246 247 247 247 242  39  21  22  24  21  22  33 218 246 245 244
 245 246 246 246 242  40  27 146 152 150  98  23  74 232 246 245
 246 247 246 246 244  43  36 244 246 246 240  77  23 188 246 246
 244 245 245 245 247  42  37 249 246 246 244  85  21 179 247 246
 246 247 246 246 247  42  33 151 156 158 111  32  35 237 246 246
 244 246 246 245 248  45  22  21  22  21  23  61 190 243 246 246
 242 245 245 246 245 193 181 183 182 179 202 239 245 246 246 246
  76  71  72 191 246 247 247 247 247 247 246 246 245 246 245 244
  21  21  20 185 247 247 247 247 247 247 246 246 246 245 244 244
  21  21  20 183 247 246 246 246 246 246 247 246 244 244 241 241
 230 235 235 237 237 238 236 236 237 237 237 237 236 235 234 235
 232 238 239 240 235  86  80  78  78  85 131 212 240 240 239 236
 233 240 242 243 235  24  21  21  21  22  21  39 200 241 241 238
 235 243 244 244 238  25  25 232 230 219 114  20  82 244 243 242
 237 246 247 248 241  25  26 250 247 246 198  21  40 246 244 243
 240 247 248 248 244  24  23 182 177 161  81  21 112 246 247 245
 241 248 248 249 245  25  21  22  21  23  22  24 214 248 248 247
 241 249 249 249 246  27  22 141 139 119  73  22  54 230 248 248
 241 249 249 249 246  30  26 252 249 249 247  73  22 176 249 248
 241 249 249 249 246  30  25 250 249 249 248  74  21 165 249 249
 242 249 249 249 245  31  22 145 145 138  95  19  30 236 249 248
 241 248 249 249 246  33  23  22  23  22  22  51 171 249 249 248
 240 248 248 248 248 191 180 184 186 186 200 238 249 249 249 247
  62  73  72 183 248 248 249 249 249 249 249 249 249 248 248 248
  22  22  22 166 248 248 249 249 249 248 248 248 248 248 247 247
  21  21  21 163 247 247 247 247 247 247 246 246 247 246 245 244
 241 240 241 242 242 242 241 241 240 238 239 238 237 238 236 235
 242 243 244 245 234  85  82  78  76  79 124 209 240 240 239 239
 246 247 247 246 237  21  21  23  22  22  21  37 190 243 242 243
 248 248 248 248 243  21  27 228 239 226 121  22  78 242 245 244
 249 249 248 249 243  22  28 240 248 248 198  20  38 244 247 248
 250 249 249 249 245  20  24 177 182 160  77  18 105 248 248 247
 250 249 249 249 245  20  21  21  21  23  22  24 209 249 249 248
 250 248 249 249 247  21  23 135 137 125  79  21  55 229 249 249
 250 248 249 249 249  21  25 240 248 248 245  70  20 177 249 249
 250 248 249 249 250  20  26 244 249 249 248  72  21 165 249 249
 250 248 249 249 250  22  25 148 147 145  97  20  28 232 249 249
 250 249 249 249 250  25  24  28  29  27  25  49 162 249 249 249
 250 248 248 249 247 186 180 184 187 186 196 236 248 249 249 249
  69  75  72 199 249 248 248 248 248 248 248 249 249 249 249 248
  22  22  24 191 249 249 249 249 249 249 249 249 249 249 248 248
  22  22  22 188 249 249 249 249 248 248 250 249 248 248 248 248

 228 234 237 239 240 241 244 245 246 246 246 246 246 244 244 241
 230 235 238 240 242 244 245 246 246 247 246 246 246 245 244 241
 230 236 239 236 238 242 246 232 188 179 237 243 246 246 245 244
 232 236 212 102  64 124 218  74  23  21  35 190 245 245 246 244
 234 215  62  25  33  30  33  23  77  85  32  61 239 246 246 246
 238 144  22 126 195  98  22  98 240 244 111  23 202 246 246 247
 238 105  19 230 244 163  21 150 246 246 158  21 179 247 247 246
 238  99  22 240 245 182  24 152 246 246 156  22 182 247 247 246
 237  98  19 227 235 182  22 146 244 249 151  21 183 247 247 246
 238 100  21  40  43  33  21  27  36  37  33  22 181 247 247 246
 239 110  36  39  39  38  39  40  43  42  42  45 193 247 247 246
 236 230 231 234 237 240 242 242 244 247 247 248 245 246 247 247
 238 242 245 244 247 247 247 246 246 245 246 245 246 191 185 183
 238 241 244 245 247 247 247 246 246 245 246 246 245  72  20  20
 236 240 242 244 246 247 247 246 247 245 247 246 245  71  21  21
 229 234 239 240 241 244 246 245 246 244 246 244 242  76  21  21
 235 236 238 242 243 245 247 248 248 249 248 248 247 248 247 244
 234 239 241 243 244 247 248 248 249 249 249 249 249 248 247 245
 235 240 241 244 246 246 248 230 176 165 236 249 249 248 248 246
 236 240 200  82  40 112 214  54  22  21  30 171 249 249 248 247
 237 212  39  20  21  21  24  22  73  74  19  51 238 249 248 246
 237 131  21 114 198  81  22  73 247 248  95  22 200 249 248 246
 237  85  22 219 246 161  23 119 249 249 138  22 186 249 248 247
 237  78  21 230 247 177  21 139 249 249 145  23 186 249 249 247
 236  78  21 232 250 182  22 141 252 250 145  22 184 249 249 247
 236  80  21  25  26  23  21  22  26  25  22  23 180 249 249 247
 238  86  24  25  25  24  25  27  30  30  31  33 191 248 248 247
 237 235 235 238 241 244 245 246 246 246 245 246 248 248 248 247
 237 240 243 244 248 248 249 249 249 249 249 249 248 183 166 163
 235 239 242 244 247 248 248 249 249 249 249 249 248  72  22  21
 235 238 240 243 246 247 248 249 249 249 249 248 248  73  22  21
 230 232 233 235 237 240 241 241 241 241 242 241 240  62  22  21
 235 239 243 244 248 247 248 249 249 249 249 249 249 248 248 248
 236 239 242 245 247 248 249 249 249 249 249 249 249 249 248 248
 238 240 243 242 244 248 249 229 177 165 232 249 249 249 249 248
 237 240 190  78  38 105 209  55  20  21  28 162 248 249 249 248
 238 209  37  22  20  18  24  21  70  72  20  49 236 249 249 249
 239 124  21 121 198  77  22  79 245 248  97  25 196 248 249 250
 238  79  22 226 248 160  23 125 248 249 145  27 186 248 249 248
 240  76  22 239 248 182  21 137 248 249 147  29 187 248 249 248
 241  78  23 228 240 177  21 135 240 244 148  28 184 248 249 249
 241  82  21  27  28  24  21  23  25  26  25  24 180 248 249 249
 242  85  21  21  22  20  20  21  21  20  22  25 186 248 249 249
 242 234 237 243 243 245 245 247 249 250 250 250 247 249 249 249
 242 245 246 248 249 249 249 249 249 249 249 249 249 199 191 188
 241 244 247 248 248 249 249 249 249 249 249 249 248  72  24  22
 240 243 247 248 249 249 249 248 248 248 248 249 248  75  22  22
 241 242 246 248 249 250 250 250 250 250 250 250 250  69  22  22

 241 241 244 244 246 247 246 246 246 246 246 247 183  20  21  21
 244 244 245 246 246 246 247 247 247 247 247 247 185  20  21  21
 244 245 246 245 246 246 247 247 247 247 247 246 191  72  71  76
 246 246 246 245 239 202 179 182 183 181 193 245 246 245 245 242
 246 246 243 190  61  23  21  22  21  22  45 248 245 246 246 244
 246 246 237  35  32 111 158 156 151  33  42 247 246 246 247 246
 246 247 179  21  85 244 246 246 249  37  42 247 245 245 245 244
 246 246 188  23  77 240 246 246 244  36  43 244 246 246 247 246
 245 246 232  74  23  98 150 152 146  27  40 242 246 246 246 245
 244 245 246 218  33  22  21  24  22  21  39 242 247 247 247 246
 241 244 242 124  30  98 163 182 182  33  38 240 247 247 247 244
 240 242 238  64  33 195 244 245 235  43  39 237 247 247 246 241
 239 240 236 102  25 126 230 240 227  40  39 234 244 245 244 240
 237 238 239 212  62  22  19  22  19  21  36 231 245 244 242 239
 234 235 236 236 215 144 105  99  98 100 110 230 242 241 240 234
 228 230 230 232 234 238 238 238 237 238 239 236 238 238 236 229
 244 245 246 247 246 246 247 247 247 247 247 247 163  21  21  21
 247 247 248 248 248 248 248 249 249 249 248 248 166  22  22  22
 248 248 248 249 249 249 249 249 249 249 248 248 183  72  73  62
 247 249 249 249 238 200 186 186 184 180 191 248 248 248 248 240
 248 249 249 171  51  22  22  23  22  23  33 246 249 249 248 241
 248 249 236  30  19  95 138 145 145  22  31 245 249 249 249 242
 249 249 165  21  74 248 249 249 250  25  30 246 249 249 249 241
 248 249 176  22  73 247 249 249 252  26  30 246 249 249 249 241
 248 248 230  54  22  73 119 139 141  22  27 246 249 249 249 241
 247 248 248 214  24  22  23  21  22  21  25 245 249 248 248 241
 245 247 246 112  21  81 161 177 182  23  24 244 248 248 247 240
 243 244 246  40  21 198 246 247 250  26  25 241 248 247 246 237
 242 243 244  82  20 114 219 230 232  25  25 238 244 244 243 235
 238 241 241 200  39  21  22  21  21  21  24 235 243 242 240 233
 236 239 240 240 212 131  85  78  78  80  86 235 240 239 238 232
 235 234 235 236 237 237 237 237 236 236 238 237 237 235 235 230
 248 248 248 248 249 250 248 248 249 249 249 249 188  22  22  22
 248 248 249 249 249 249 249 249 249 249 249 249 191  24  22  22
 248 249 249 249 249 248 248 248 248 248 248 249 199  72  75  69
 249 249 249 248 236 196 186 187 184 180 186 247 249 248 248 250
 249 249 249 162  49  25  27  29  28  24  25 250 249 249 249 250
 249 249 232  28  20  97 145 147 148  25  22 250 249 249 248 250
 249 249 165  21  72 248 249 249 244  26  20 250 249 249 248 250
 249 249 177  20  70 245 248 248 240  25  21 249 249 249 248 250
 249 249 229  55  21  79 125 137 135  23  21 247 249 249 248 250
 248 249 249 209  24  22  23  21  21  21  20 245 249 249 249 250
 247 248 248 105  18  77 160 182 177  24  20 245 249 249 249 250
 248 247 244  38  20 198 248 248 240  28  22 243 249 248 249 249
 244 245 242  78  22 121 226 239 228  27  21 243 248 248 248 248
 243 242 243 190  37  21  22  22  23  21  21 237 246 247 247 246
 239 239 240 240 209 124  79  76  78  82  85 234 245 244 243 242
 235 236 238 237 238 239 238 240 241 241 242 242 242 241 240 241

  21  21  76 242 244 246 244 246 245 246 244 241 240 239 234 229
  21  21  71 245 246 247 245 247 246 247 247 246 244 242 240 236
  20  20  72 245 246 246 245 246 246 247 247 247 245 244 241 238
 183 185 191 246 245 246 245 246 246 247 247 247 244 245 242 238
 247 247 246 245 248 247 247 244 242 242 240 237 234 231 230 236
 246 247 247 193  45  42  42  43  40  39  38  39  39  36 110 239
 246 247 247 181  22  33  37  36  27  21  33  43  40  21 100 238
 246 247 247 183  21 151 249 244 146  22 182 235 227  19  98 237
 246 247 247 182  22 156 246 246 152  24 182 245 240  22  99 238
 246 247 247 179  21 158 246 246 150  21 163 244 230  19 105 238
 247 246 246 202  23 111 244 240  98  22  98 195 126  22 144 238
 246 246 246 239  61  32  85  77  23  33  30  33  25  62 215 234
 244 246 245 245 190  35  21  23  74 218 124  64 102 212 236 232
 244 245 246 246 243 237 179 188 232 246 242 238 236 239 236 230
 241 244 245 246 246 246 247 246 246 245 244 242 240 238 235 230
 241 244 244 246 246 246 246 246 245 244 241 240 239 237 234 228
  21  22  62 240 241 242 241 241 241 241 240 237 235 233 232 230
  21  22  73 248 248 249 249 249 249 248 247 246 243 240 238 235
  21  22  72 248 249 249 249 249 249 248 248 247 244 242 239 235
 163 166 183 248 249 249 249 249 249 249 248 248 244 243 240 237
 247 248 248 248 246 245 246 246 246 245 244 241 238 235 235 237
 247 248 248 191  33  31  30  30  27  25  24  25  25  24  86 238
 247 249 249 180  23  22  25  26  22  21  23  26  25  21  80 236
 247 249 249 184  22 145 250 252 141  22 182 250 232  21  78 236
 247 249 249 186  23 145 249 249 139  21 177 247 230  21  78 237
 247 248 249 186  22 138 249 249 119  23 161 246 219  22  85 237
 246 248 249 200  22  95 248 247  73  22  81 198 114  21 131 237
 246 248 249 238  51  19  74  73  22  24  21  21  20  39 212 237
 247 248 249 249 171  30  21  22  54 214 112  40  82 200 240 236
 246 248 248 249 249 236 165 176 230 248 246 246 244 241 240 235
 245 247 248 249 249 249 249 249 248 248 247 244 243 241 239 234
 244 247 248 247 248 248 249 248 248 247 245 243 242 238 236 235
  22  22  69 250 250 250 250 250 250 250 250 249 248 246 242 241
  22  22  75 248 249 248 248 248 248 249 249 249 248 247 243 240
  22  24  72 248 249 249 249 249 249 249 249 248 248 247 244 241
 188 191 199 249 249 249 249 249 249 249 249 249 248 246 245 242
 249 249 249 247 250 250 250 249 247 245 245 243 243 237 234 242
 249 249 248 186  25  22  20  21  21  20  20  22  21  21  85 242
 249 249 248 180  24  25  26  25  23  21  24  28  27  21  82 241
 249 249 248 184  28 148 244 240 135  21 177 240 228  23  78 241
 248 249 248 187  29 147 249 248 137  21 182 248 239  22  76 240
 248 249 248 186  27 145 249 248 125  23 160 248 226  22  79 238
 250 249 248 196  25  97 248 245  79  22  77 198 121  21 124 239
 249 249 249 236  49  20  72  70  21  24  18  20  22  37 209 238
 248 249 249 248 162  28  21  20  55 209 105  38  78 190 240 237
 248 249 249 249 249 232 165 177 229 249 248 244 242 243 240 238
 248 248 249 249 249 249 249 249 249 249 248 247 245 242 239 236
 248 248 248 249 249 249 249 249 249 248 247 248 244 243 239 235

