 238 238 240 240 240 241 241 241 243 242 241 241 240 240 237 236
 238 241 242 242 192 102 110 110 109 122 183 239 242 244 242 237
 239 244 244 245 168  23  20  21  22  20  23  92 239 242 244 241
 242 244 245 246 155  23 100 205 201 184  58  20 168 245 247 242
 245 246 248 247 160  24 129 247 249 249 127  20 154 247 247 243
 246 248 249 249 164  24  98 188 202 173  45  24 208 248 249 246
 245 248 250 250 162  25  21  21  22  21  21  87 244 250 250 248
 247 249 250 250 164  25  66 125 133 114  53  21 126 249 250 249
 247 249 250 250 167  25 116 250 251 250 216  21  44 247 250 249
 248 249 250 250 165  26 116 250 251 250 228  23  33 234 223 214
 247 250 250 249 167  26  77 157 164 147  58  20  99 102  35  30
 243 248 249 250 175  24  21  20  21  21  21  68 228  91  21  22
 241 247 248 248 220 171 169 176 182 192 217 248 249  98  22  22
 239 245 247 248 248 249 249 249 249 249 248 248 246  95  22  22
 236 243 244 246 245 249 249 247 247 248 247 246 244  96  22  22
 236 239 240 243 244 244 245 244 244 245 243 242 241  95  22  22
 235 236 239 238 239 239 240 240 240 241 243 242 240 241 241 238
 237 239 240 240 186  94 105  98  96 109 181 239 244 244 243 241
 239 240 241 241 156  21  22  21  23  22  20  84 241 246 244 244
 241 243 244 246 137  22 104 216 209 190  55  21 161 247 247 245
 243 244 247 247 140  21 128 247 248 248 127  21 145 249 249 247
 245 247 249 248 145  22 101 196 203 172  40  24 206 250 250 249
 247 248 249 250 148  21  20  18  18  19  21  87 248 251 251 250
 246 249 250 250 152  20  70 133 138 117  48  21 122 252 251 251
 247 249 250 250 156  20 120 252 252 252 217  20  43 247 251 250
 248 249 250 250 155  21 115 252 252 251 229  19  34 233 226 219
 247 249 249 250 159  19  76 146 159 149  51  21  89 102  31  29
 245 247 249 250 166  23  21  20  20  22  21  61 225  92  22  22
 244 246 248 249 215 169 168 174 175 185 206 250 249  93  21  22
 241 244 247 247 248 248 249 249 250 249 250 250 247  94  22  22
 239 241 244 244 246 247 246 247 247 247 248 247 246  92  22  22
 236 238 239 240 242 242 243 243 244 244 244 242 242  90  22  22
 236 242 241 242 242 243 242 242 242 243 241 241 242 242 240 240
 240 244 244 244 184 100 114 120 118 130 179 236 244 244 244 243
 241 245 246 247 157  21  20  27  29  22  26  99 235 244 245 244
 243 246 246 245 141  20 110 213 209 189  64  22 176 244 245 245
 245 247 245 246 146  21 138 246 244 244 129  22 166 244 244 244
 246 246 245 245 144  19 109 190 200 167  41  24 211 243 244 244
 245 244 244 243 144  22  24  30  29  25  22  95 237 244 244 243
 246 244 244 244 150  25  70 128 134 114  59  25 145 242 243 243
 244 244 244 244 152  24 124 242 243 242 206  32  52 241 243 243
 245 243 244 244 148  22 124 243 244 243 217  32  39 228 215 212
 246 243 244 243 152  24  94 170 169 148  62  20 105 102  36  31
 245 245 244 244 157  23  23  25  24  21  22  68 226  91  22  22
 247 245 244 244 213 166 167 174 177 187 213 239 244  93  22  22
 245 246 245 245 245 244 244 243 244 244 244 243 244  95  22  22
 242 245 245 246 245 246 246 244 244 245 244 244 244  97  22  22
 241 244 245 246 246 245 246 245 245 245 245 245 242  96  22  22

 236 237 241 242 243 246 248 249 249 214  30  22  22  22  22  22
 237 242 244 247 247 249 250 250 250 223  35  21  22  22  22  22
 240 244 242 245 247 248 250 249 247 234 102  91  98  95  96  95
 240 242 239 168 154 208 244 126  44  33  99 228 249 246 244 241
 241 239  92  20  20  24  87  21  21  23  20  68 248 248 246 242
 241 183  23  58 127  45  21  53 216 228  58  21 217 248 247 243
 242 122  20 184 249 173  21 114 250 250 147  21 192 249 248 245
 243 109  22 201 249 202  22 133 251 251 164  21 182 249 247 244
 241 110  21 205 247 188  21 125 250 250 157  20 176 249 247 244
 241 110  20 100 129  98  21  66 116 116  77  21 169 249 249 245
 241 102  23  23  24  24  25  25  25  26  26  24 171 249 249 244
 240 192 168 155 160 164 162 164 167 165 167 175 220 248 245 244
 240 242 245 246 247 249 250 250 250 250 249 250 248 248 246 243
 240 242 244 245 248 249 250 250 250 250 250 249 248 247 244 240
 238 241 244 244 246 248 248 249 249 249 250 248 247 245 243 239
 238 238 239 242 245 246 245 247 247 248 247 243 241 239 236 236
 238 241 244 245 247 249 250 251 250 219  29  22  22  22  22  22
 241 243 244 247 249 250 251 251 251 226  31  22  21  22  22  22
 241 244 246 247 249 250 251 252 247 233 102  92  93  94  92  90
 240 244 241 161 145 206 248 122  43  34  89 225 249 247 246 242
 242 239  84  21  21  24  87  21  20  19  21  61 250 250 247 242
 243 181  20  55 127  40  21  48 217 229  51  21 206 250 248 244
 241 109  22 190 248 172  19 117 252 251 149  22 185 249 247 244
 240  96  23 209 248 203  18 138 252 252 159  20 175 250 247 244
 240  98  21 216 247 196  18 133 252 252 146  20 174 249 247 243
 240 105  22 104 128 101  20  70 120 115  76  21 168 249 246 243
 239  94  21  22  21  22  21  20  20  21  19  23 169 248 247 242
 239 186 156 137 140 145 148 152 156 155 159 166 215 248 246 242
 238 240 241 246 247 248 250 250 250 250 250 250 249 247 244 240
 239 240 241 244 247 249 249 250 250 250 249 249 248 247 244 239
 236 239 240 243 244 247 248 249 249 249 249 247 246 244 241 238
 235 237 239 241 243 245 247 246 247 248 247 245 244 241 239 236
 240 243 244 245 244 244 243 243 243 212  31  22  22  22  22  22
 240 244 245 245 244 244 244 243 243 215  36  22  22  22  22  22
 242 244 244 244 244 243 244 242 241 228 102  91  93  95  97  96
 242 244 235 176 166 211 237 145  52  39 105 226 244 244 244 242
 241 236  99  22  22  24  95  25  32  32  20  68 239 243 244 245
 241 179  26  64 129  41  22  59 206 217  62  22 213 244 244 245
 243 130  22 189 244 167  25 114 242 243 148  21 187 244 245 245
 242 118  29 209 244 200  29 134 243 244 169  24 177 244 244 245
 242 120  27 213 246 190  30 128 242 243 170  25 174 243 244 245
 242 114  20 110 138 109  24  70 124 124  94  23 167 244 246 246
 243 100  21  20  21  19  22  25  24  22  24  23 166 244 246 245
 242 184 157 141 146 144 144 150 152 148 152 157 213 245 245 246
 242 244 247 245 246 245 243 244 244 244 243 244 244 245 246 246
 241 244 246 246 245 245 244 244 244 244 244 244 244 245 245 245
 242 244 245 246 247 246 244 244 244 243 243 245 245 246 245 244
 236 240 241 243 245 246 245 246 244 245 246 245 247 245 242 241

  22  22  95 241 242 243 245 244 244 245 244 244 243 240 239 236
  22  22  96 244 246 247 248 247 247 249 249 245 246 244 243 236
  22  22  95 246 248 248 249 249 249 249 249 248 248 247 245 239
  22  22  98 249 248 217 192 182 176 169 171 220 248 248 247 241
  22  21  91 228  68  21  21  21  20  21  24 175 250 249 248 243
  30  35 102  99  20  58 147 164 157  77  26 167 249 250 250 247
 214 223 234  33  23 228 250 251 250 116  26 165 250 250 249 248
 249 250 247  44  21 216 250 251 250 116  25 167 250 250 249 247
 249 250 249 126  21  53 114 133 125  66  25 164 250 250 249 247
 248 250 250 244  87  21  21  22  21  21  25 162 250 250 248 245
 246 249 248 208  24  45 173 202 188  98  24 164 249 249 248 246
 243 247 247 154  20 127 249 249 247 129  24 160 247 248 246 245
 242 247 245 168  20  58 184 201 205 100  23 155 246 245 244 242
 241 244 242 239  92  23  20  22  21  20  23 168 245 244 244 239
 237 242 244 242 239 183 122 109 110 110 102 192 242 242 241 238
 236 237 240 240 241 241 242 243 241 241 241 240 240 240 238 238
  22  22  90 242 242 244 244 244 243 243 242 242 240 239 238 236
  22  22  92 246 247 248 247 247 247 246 247 246 244 244 241 239
  22  22  94 247 250 250 249 250 249 249 248 248 247 247 244 241
  22  21  93 249 250 206 185 175 174 168 169 215 249 248 246 244
  22  22  92 225  61  21  22  20  20  21  23 166 250 249 247 245
  29  31 102  89  21  51 149 159 146  76  19 159 250 249 249 247
 219 226 233  34  19 229 251 252 252 115  21 155 250 250 249 248
 250 251 247  43  20 217 252 252 252 120  20 156 250 250 249 247
 251 251 252 122  21  48 117 138 133  70  20 152 250 250 249 246
 250 251 251 248  87  21  19  18  18  20  21 148 250 249 248 247
 249 250 250 206  24  40 172 203 196 101  22 145 248 249 247 245
 247 249 249 145  21 127 248 248 247 128  21 140 247 247 244 243
 245 247 247 161  21  55 190 209 216 104  22 137 246 244 243 241
 244 244 246 241  84  20  22  23  21  22  21 156 241 241 240 239
 241 243 244 244 239 181 109  96  98 105  94 186 240 240 239 237
 238 241 241 240 242 243 241 240 240 240 239 239 238 239 236 235
  22  22  96 242 245 245 245 245 245 246 245 246 246 245 244 241
  22  22  97 244 244 244 245 244 244 246 246 245 246 245 245 242
  22  22  95 244 243 244 244 244 243 244 244 245 245 245 246 245
  22  22  93 244 239 213 187 177 174 167 166 213 244 244 245 247
  22  22  91 226  68  22  21  24  25  23  23 157 244 244 245 245
  31  36 102 105  20  62 148 169 170  94  24 152 243 244 243 246
 212 215 228  39  32 217 243 244 243 124  22 148 244 244 243 245
 243 243 241  52  32 206 242 243 242 124  24 152 244 244 244 244
 243 243 242 145  25  59 114 134 128  70  25 150 244 244 244 246
 243 244 244 237  95  22  25  29  30  24  22 144 243 244 244 245
 244 244 243 211  24  41 167 200 190 109  19 144 245 245 246 246
 244 244 244 166  22 129 244 244 246 138  21 146 246 245 247 245
 245 245 244 176  22  64 189 209 213 110  20 141 245 246 246 243
 244 245 244 235  99  26  22  29  27  20  21 157 247 246 245 241
 243 244 244 244 236 179 130 118 120 114 100 184 244 244 244 240
 240 240 242 242 241 241 243 242 242 242 243 242 242 241 242 236

 236 236 239 241 243 247 248 247 247 245 246 245 242 239 238 238
 239 243 245 247 248 250 249 249 249 248 248 246 244 244 241 238
 240 244 247 248 249 250 250 250 250 250 249 248 245 244 242 240
 243 246 248 248 250 249 250 250 250 250 249 247 246 245 242 240
 244 245 248 220 175 167 165 167 164 162 164 160 155 168 192 240
 244 249 249 171  24  26  26  25  25  25  24  24  23  23 102 241
 245 249 249 169  21  77 116 116  66  21  98 129 100  20 110 241
 244 247 249 176  20 157 250 250 125  21 188 247 205  21 110 241
 244 247 249 182  21 164 251 251 133  22 202 249 201  22 109 243
 245 248 249 192  21 147 250 250 114  21 173 249 184  20 122 242
 243 247 248 217  21  58 228 216  53  21  45 127  58  23 183 241
 242 246 248 248  68  20  23  21  21  87  24  20  20  92 239 241
 241 244 246 249 228  99  33  44 126 244 208 154 168 239 242 240
  95  96  95  98  91 102 234 247 249 250 248 247 245 242 244 240
  22  22  22  22  21  35 223 250 250 250 249 247 247 244 242 237
  22  22  22  22  22  30 214 249 249 248 246 243 242 241 237 236
 236 239 241 244 245 247 248 247 246 247 245 243 241 239 237 235
 238 241 244 246 247 249 249 249 249 248 247 244 243 240 239 236
 239 244 247 248 249 249 250 250 250 249 249 247 244 241 240 239
 240 244 247 249 250 250 250 250 250 250 248 247 246 241 240 238
 242 246 248 215 166 159 155 156 152 148 145 140 137 156 186 239
 242 247 248 169  23  19  21  20  20  21  22  21  22  21  94 239
 243 246 249 168  21  76 115 120  70  20 101 128 104  22 105 240
 243 247 249 174  20 146 252 252 133  18 196 247 216  21  98 240
 244 247 250 175  20 159 252 252 138  18 203 248 209  23  96 240
 244 247 249 185  22 149 251 252 117  19 172 248 190  22 109 241
 244 248 250 206  21  51 229 217  48  21  40 127  55  20 181 243
 242 247 250 250  61  21  19  20  21  87  24  21  21  84 239 242
 242 246 247 249 225  89  34  43 122 248 206 145 161 241 244 240
  90  92  94  93  92 102 233 247 252 251 250 249 247 246 244 241
  22  22  22  21  22  31 226 251 251 251 250 249 247 244 243 241
  22  22  22  22  22  29 219 250 251 250 249 247 245 244 241 238
 241 242 245 247 245 246 245 244 246 245 246 245 243 241 240 236
 244 245 246 245 245 243 243 244 244 244 246 247 246 245 244 242
 245 245 245 244 244 244 244 244 244 244 245 245 246 246 244 241
 246 246 245 244 244 243 244 244 244 243 245 246 245 247 244 242
 246 245 245 213 157 152 148 152 150 144 144 146 141 157 184 242
 245 246 244 166  23  24  22  24  25  22  19  21  20  21 100 243
 246 246 244 167  23  94 124 124  70  24 109 138 110  20 114 242
 245 244 243 174  25 170 243 242 128  30 190 246 213  27 120 242
 245 244 244 177  24 169 244 243 134  29 200 244 209  29 118 242
 245 245 244 187  21 148 243 242 114  25 167 244 189  22 130 243
 245 244 244 213  22  62 217 206  59  22  41 129  64  26 179 241
 245 244 243 239  68  20  32  32  25  95  24  22  22  99 236 241
 242 244 244 244 226 105  39  52 145 237 211 166 176 235 244 242
  96  97  95  93  91 102 228 241 242 244 243 244 244 244 244 242
  22  22  22  22  22  36 215 243 243 244 244 244 245 245 244 240
  22  22  22  22  22  31 212 243 243 243 244 244 245 244 243 240

