 200 202 203 203 203 204 205 205 205 205 205 204 202 201 201 200
 201 205 204 206 206 206 206 207 205 205 207 207 207 205 203 202
 206 206 116  66  70  74  65  69  67  68  57  61  66  63  67  69
 206 207  77  22  22  22  22  22  22  22  22  22  22  22  22  22
 208 210  78  21  22  22  22  22  22  22  22  22  22  22  22  22
 210 211  93  23  21  45 109 103 112 108 101  99  99  55  22  22
 209 213  89  21  21  78 216 218 220 218 218 215 214 109  22  22
 212 215  91  21  21  83 218 220 220 220 220 219 218 110  21  22
 213 217 105  21  21  72 220 221 222 221 222 221 220 114  22  40
 213 216  98  23  22  75 220 222 223 223 223 221 221 218 218 215
 214 218 100  23  22  67 220 223 223 224 224 223 222 220 219 217
 214 217 116  21  21  62 221 223 223 224 223 222 222 221 219 217
 212 218 117  21  21  65 219 222 222 222 224 223 222 220 219 217
 212 214 118  21  21  62 218 222 222 221 223 221 221 220 218 217
 209 213 116  23  22  53 218 221 221 221 222 220 220 217 218 215
 209 213 119  23  22  54 216 218 219 218 218 218 218 217 216 215
 199 201 202 203 203 204 204 204 206 205 205 205 204 205 204 202
 202 203 205 204 206 207 207 206 207 207 207 207 206 205 205 205
 204 204 106  54  58  64  56  57  61  64  52  60  69  55  58  62
 207 208  71  22  22  22  21  21  22  22  22  22  22  22  22  22
 209 209  74  21  22  22  22  22  22  22  22  22  22  22  21  22
 210 211  88  21  21  42  89  84 101 104 101  99  99  54  21  22
 213 213  83  21  22  77 217 217 218 219 218 218 218 110  21  22
 215 214  80  22  21  84 219 220 221 222 221 220 219 109  21  22
 215 217  98  21  22  72 221 221 222 223 223 222 220 109  22  28
 215 217  92  21  22  76 222 223 223 223 223 222 222 215 209 205
 216 217  92  20  21  64 223 223 224 224 224 223 223 222 222 221
 216 218 105  22  22  60 222 223 224 225 224 223 223 222 221 220
 215 216 105  22  22  63 221 223 223 224 224 224 222 222 221 220
 215 215 110  21  21  58 220 222 222 222 222 222 223 221 221 220
 213 214 112  20  21  51 219 221 221 222 222 221 221 222 220 219
 211 213 112  20  22  52 216 219 219 220 220 219 218 218 218 217
 200 200 199 199 199 199 200 200 201 200 200 199 197 197 198 196
 202 201 201 201 202 201 203 201 201 200 202 202 200 200 200 198
 202 203 102  65  68  73  64  66  70  69  59  62  66  61  66  68
 202 203  69  22  22  22  22  22  22  22  22  22  22  22  22  22
 204 207  69  22  22  22  22  22  22  22  22  22  22  21  22  22
 207 209  85  22  21  49 122 117 119 118 117 110 111  63  21  22
 206 210  78  21  21  88 206 214 214 213 214 213 211 111  22  22
 207 213  82  22  21  90 210 215 216 217 217 215 215 113  22  22
 210 215  96  22  20  77 212 218 219 218 219 218 217 118  21  45
 213 215  95  22  20  80 211 219 219 220 221 220 219 215 216 214
 215 214  91  22  21  91 212 219 221 221 222 221 220 218 216 215
 212 215 107  21  21  78 213 220 221 221 223 222 220 219 217 216
 211 215 101  21  21  78 213 219 221 221 222 220 219 217 217 216
 212 214  99  22  22  73 212 219 220 218 219 219 218 218 215 216
 211 214 106  23  22  67 212 217 217 218 218 218 217 216 217 216
 208 212 109  23  22  66 213 216 216 214 216 216 215 215 215 214

 200 202  69  22  22  22  22  22  40 215 217 217 217 217 215 215
 201 203  67  22  22  22  22  21  22 218 219 219 219 218 218 216
 201 205  63  22  22  55 109 110 114 218 220 221 220 220 217 217
 202 207  66  22  22  99 214 218 220 221 222 222 222 221 220 218
 204 207  61  22  22  99 215 219 221 221 223 222 223 221 220 218
 205 207  57  22  22 101 218 220 222 223 224 223 224 223 222 218
 205 205  68  22  22 108 218 220 221 223 224 224 222 221 221 218
 205 205  67  22  22 112 220 220 222 223 223 223 222 222 221 219
 205 207  69  22  22 103 218 220 221 222 223 223 222 222 221 218
 205 206  65  22  22 109 216 218 220 220 220 221 219 218 218 216
 204 206  74  22  22  45  78  83  72  75  67  62  65  62  53  54
 203 206  70  22  22  21  21  21  21  22  22  21  21  21  22  22
 203 206  66  22  21  23  21  21  21  23  23  21  21  21  23  23
 203 204 116  77  78  93  89  91 105  98 100 116 117 118 116 119
 202 205 206 207 210 211 213 215 217 216 218 217 218 214 213 213
 200 201 206 206 208 210 209 212 213 213 214 214 212 212 209 209
 202 205  62  22  22  22  22  22  28 205 221 220 220 220 219 217
 204 205  58  22  21  21  21  21  22 209 222 221 221 221 220 218
 205 205  55  22  22  54 110 109 109 215 222 222 222 221 222 218
 204 206  69  22  22  99 218 219 220 222 223 223 222 223 221 218
 205 207  60  22  22  99 218 220 222 222 223 223 224 222 221 219
 205 207  52  22  22 101 218 221 223 223 224 224 224 222 222 220
 205 207  64  22  22 104 219 222 223 223 224 225 224 222 222 220
 206 207  61  22  22 101 218 221 222 223 224 224 223 222 221 219
 204 206  57  21  22  84 217 220 221 223 223 223 223 222 221 219
 204 207  56  21  22  89 217 219 221 222 223 222 221 220 219 216
 204 207  64  22  22  42  77  84  72  76  64  60  63  58  51  52
 203 206  58  22  22  21  22  21  22  22  21  22  22  21  21  22
 203 204  54  22  21  21  21  22  21  21  20  22  22  21  20  20
 202 205 106  71  74  88  83  80  98  92  92 105 105 110 112 112
 201 203 204 208 209 211 213 214 217 217 217 218 216 215 214 213
 199 202 204 207 209 210 213 215 215 215 216 216 215 215 213 211
 196 198  68  22  22  22  22  22  45 214 215 216 216 216 216 214
 198 200  66  22  22  21  22  22  21 216 216 217 217 215 217 215
 197 200  61  22  21  63 111 113 118 215 218 219 217 218 216 215
 197 200  66  22  22 111 211 215 217 219 220 220 219 218 217 215
 199 202  62  22  22 110 213 215 218 220 221 222 220 219 218 216
 200 202  59  22  22 117 214 217 219 221 222 223 222 219 218 216
 200 200  69  22  22 118 213 217 218 220 221 221 221 218 218 214
 201 201  70  22  22 119 214 216 219 219 221 221 221 220 217 216
 200 201  66  22  22 117 214 215 218 219 219 220 219 219 217 216
 200 203  64  22  22 122 206 210 212 211 212 213 213 212 212 213
 199 201  73  22  22  49  88  90  77  80  91  78  78  73  67  66
 199 202  68  22  22  21  21  21  20  20  21  21  21  22  22  22
 199 201  65  22  22  22  21  22  22  22  22  21  21  22  23  23
 199 201 102  69  69  85  78  82  96  95  91 107 101  99 106 109
 200 201 203 203 207 209 210 213 215 215 214 215 215 214 214 212
 200 202 202 202 204 207 206 207 210 213 215 212 211 212 211 208

 215 216 217 218 218 218 218 219 218 216  54  22  23 119 213 209
 215 218 217 220 220 222 221 221 221 218  53  22  23 116 213 209
 217 218 220 221 221 223 221 222 222 218  62  21  21 118 214 212
 217 219 220 222 223 224 222 222 222 219  65  21  21 117 218 212
 217 219 221 222 222 223 224 223 223 221  62  21  21 116 217 214
 217 219 220 222 223 224 224 223 223 220  67  22  23 100 218 214
 215 218 218 221 221 223 223 223 222 220  75  22  23  98 216 213
  40  22 114 220 221 222 221 222 221 220  72  21  21 105 217 213
  22  21 110 218 219 220 220 220 220 218  83  21  21  91 215 212
  22  22 109 214 215 218 218 220 218 216  78  21  21  89 213 209
  22  22  55  99  99 101 108 112 103 109  45  21  23  93 211 210
  22  22  22  22  22  22  22  22  22  22  22  22  21  78 210 208
  22  22  22  22  22  22  22  22  22  22  22  22  22  77 207 206
  69  67  63  66  61  57  68  67  69  65  74  70  66 116 206 206
 202 203 205 207 207 207 205 205 207 206 206 206 206 204 205 201
 200 201 201 202 204 205 205 205 205 205 204 203 203 203 202 200
 217 218 218 218 219 220 220 219 219 216  52  22  20 112 213 211
 219 220 222 221 221 222 222 221 221 219  51  21  20 112 214 213
 220 221 221 223 222 222 222 222 222 220  58  21  21 110 215 215
 220 221 222 222 224 224 224 223 223 221  63  22  22 105 216 215
 220 221 222 223 223 224 225 224 223 222  60  22  22 105 218 216
 221 222 222 223 223 224 224 224 223 223  64  21  20  92 217 216
 205 209 215 222 222 223 223 223 223 222  76  22  21  92 217 215
  28  22 109 220 222 223 223 222 221 221  72  22  21  98 217 215
  22  21 109 219 220 221 222 221 220 219  84  21  22  80 214 215
  22  21 110 218 218 218 219 218 217 217  77  22  21  83 213 213
  22  21  54  99  99 101 104 101  84  89  42  21  21  88 211 210
  22  21  22  22  22  22  22  22  22  22  22  22  21  74 209 209
  22  22  22  22  22  22  22  22  21  21  22  22  22  71 208 207
  62  58  55  69  60  52  64  61  57  56  64  58  54 106 204 204
 205 205 205 206 207 207 207 207 206 207 207 206 204 205 203 202
 202 204 205 204 205 205 205 206 204 204 204 203 203 202 201 199
 214 215 215 215 216 216 214 216 216 213  66  22  23 109 212 208
 216 217 216 217 218 218 218 217 217 212  67  22  23 106 214 211
 216 215 218 218 219 219 218 220 219 212  73  22  22  99 214 212
 216 217 217 219 220 222 221 221 219 213  78  21  21 101 215 211
 216 217 219 220 222 223 221 221 220 213  78  21  21 107 215 212
 215 216 218 220 221 222 221 221 219 212  91  21  22  91 214 215
 214 216 215 219 220 221 220 219 219 211  80  20  22  95 215 213
  45  21 118 217 218 219 218 219 218 212  77  20  22  96 215 210
  22  22 113 215 215 217 217 216 215 210  90  21  22  82 213 207
  22  22 111 211 213 214 213 214 214 206  88  21  21  78 210 206
  22  21  63 111 110 117 118 119 117 122  49  21  22  85 209 207
  22  22  21  22  22  22  22  22  22  22  22  22  22  69 207 204
  22  22  22  22  22  22  22  22  22  22  22  22  22  69 203 202
  68  66  61  66  62  59  69  70  66  64  73  68  65 102 203 202
 198 200 200 200 202 202 200 201 201 203 201 202 201 201 201 202
 196 198 197 197 199 200 200 201 200 200 199 199 199 199 200 200

 209 209 212 212 214 214 213 213 212 209 210 208 206 206 201 200
 213 213 214 218 217 218 216 217 215 213 211 210 207 206 205 202
 119 116 118 117 116 100  98 105  91  89  93  78  77 116 204 203
  23  23  21  21  21  23  23  21  21  21  23  21  22  66 206 203
  22  22  21  21  21  22  22  21  21  21  21  22  22  70 206 203
  54  53  62  65  62  67  75  72  83  78  45  22  22  74 206 204
 216 218 218 219 221 220 220 220 218 216 109  22  22  65 206 205
 218 221 222 222 223 223 222 221 220 218 103  22  22  69 207 205
 219 221 222 222 223 223 223 222 220 220 112  22  22  67 205 205
 218 221 221 222 224 224 223 221 220 218 108  22  22  68 205 205
 218 222 223 224 223 224 223 222 220 218 101  22  22  57 207 205
 218 220 221 223 222 223 221 221 219 215  99  22  22  61 207 204
 218 220 221 222 222 222 221 220 218 214  99  22  22  66 207 202
 217 217 220 220 221 220 218 114 110 109  55  22  22  63 205 201
 216 218 218 219 219 219 218  22  21  22  22  22  22  67 203 201
 215 215 217 217 217 217 215  40  22  22  22  22  22  69 202 200
 211 213 215 215 216 216 215 215 215 213 210 209 207 204 202 199
 213 214 215 216 218 217 217 217 214 213 211 209 208 204 203 201
 112 112 110 105 105  92  92  98  80  83  88  74  71 106 205 202
  20  20  21  22  22  20  21  21  22  21  21  21  22  54 204 203
  22  21  21  22  22  21  22  22  21  22  21  22  22  58 206 203
  52  51  58  63  60  64  76  72  84  77  42  22  22  64 207 204
 216 219 220 221 222 223 222 221 219 217  89  22  21  56 207 204
 219 221 222 223 223 223 223 221 220 217  84  22  21  57 206 204
 219 221 222 223 224 224 223 222 221 218 101  22  22  61 207 206
 220 222 222 224 225 224 223 223 222 219 104  22  22  64 207 205
 220 222 222 224 224 224 223 223 221 218 101  22  22  52 207 205
 219 221 222 224 223 223 222 222 220 218  99  22  22  60 207 205
 218 221 223 222 223 223 222 220 219 218  99  22  22  69 206 204
 218 222 221 222 222 222 215 109 109 110  54  22  22  55 205 205
 218 220 221 221 221 222 209  22  21  21  21  21  22  58 205 204
 217 219 220 220 220 221 205  28  22  22  22  22  22  62 205 202
 208 211 212 211 212 215 213 210 207 206 207 204 202 202 202 200
 212 214 214 215 215 214 215 215 213 210 209 207 203 203 201 200
 109 106  99 101 107  91  95  96  82  78  85  69  69 102 201 199
  23  23  22  21  21  22  22  22  22  21  22  22  22  65 201 199
  22  22  22  21  21  21  20  20  21  21  21  22  22  68 202 199
  66  67  73  78  78  91  80  77  90  88  49  22  22  73 201 199
 213 212 212 213 213 212 211 212 210 206 122  22  22  64 203 200
 216 217 219 219 220 219 219 218 215 214 117  22  22  66 201 200
 216 217 220 221 221 221 219 219 216 214 119  22  22  70 201 201
 214 218 218 221 221 221 220 218 217 213 118  22  22  69 200 200
 216 218 219 222 223 222 221 219 217 214 117  22  22  59 202 200
 216 218 219 220 222 221 220 218 215 213 110  22  22  62 202 199
 215 217 218 219 220 220 219 217 215 211 111  22  22  66 200 197
 215 216 218 217 219 218 215 118 113 111  63  21  22  61 200 197
 215 217 215 217 217 216 216  21  22  22  21  22  22  66 200 198
 214 216 216 216 216 215 214  45  22  22  22  22  22  68 198 196

