 195 200 199 199 199 203 205 204 204 204 203 202 203 201 201 199
 201 205 204 205 205 206 206 206 207 207 206 206 206 205 204 202
 201 207 135  99  83  85  90  92  90  92  95  98  74  81  85  91
 205 208  85  20  22  22  22  22  21  22  21  21  21  22  22  22
 207 210 102  21  22  22  22  22  22  22  22  22  22  22  22  22
 209 211  99  22  21  34  88  93  88  82  80  78  71  67  79  76
 209 213  90  21  21  73 216 219 217 218 216 214 212 211 212 211
 212 214 110  21  21  68 217 220 221 221 219 219 219 218 216 216
 212 215 106  20  21  71 219 220 222 221 222 222 220 219 219 217
 212 216 102  23  22  65 220 222 223 223 223 222 222 220 219 218
 215 217 110  21  22  59 223 224 223 224 223 223 222 221 220 218
 212 217 119  20  21  59 221 223 224 224 223 223 221 221 219 217
 212 217 118  21  21  65 219 222 222 223 223 223 220 219 217 217
 212 215 120  21  21  54 218 222 223 221 223 222 221 167 113 112
 211 214 116  21  22  52 218 221 220 222 221 220 220 130  22  21
 209 213 122  25  22  54 216 219 219 220 219 218 217 124  21  22
 200 201 202 202 203 203 204 205 204 205 203 204 203 204 204 202
 202 203 204 205 205 206 206 206 207 207 207 206 206 205 205 204
 204 204 126  86  62  66  71  79  81  84  89  96  73  78  84  91
 207 207  78  21  22  22  21  21  21  21  21  22  22  21  22  22
 209 209  95  22  22  22  22  22  22  22  22  22  22  22  22  22
 210 211  89  21  21  32  79  84  80  75  77  74  70  68  75  72
 213 212  83  22  21  74 217 216 216 218 217 217 218 218 217 216
 214 215 103  21  21  69 218 219 219 220 221 220 219 220 219 218
 215 216  99  21  22  72 220 222 222 223 223 222 221 222 220 219
 214 218  94  20  22  65 221 223 223 223 223 223 223 222 221 221
 215 217 104  21  22  57 222 223 223 225 224 224 223 223 222 221
 217 217 104  22  22  59 223 224 225 224 225 224 224 222 221 221
 215 216 111  22  21  62 221 223 223 223 224 224 223 223 220 219
 216 216 114  21  21  51 220 221 223 223 223 223 222 171 115 116
 213 215 113  20  21  49 219 221 221 222 222 221 221 131  21  21
 211 213 118  21  22  51 215 219 219 219 220 219 218 128  22  22
 196 198 197 195 197 200 199 198 199 199 199 198 197 196 197 194
 201 201 201 201 202 201 203 202 201 202 202 201 201 200 201 199
 200 202 125  96  86  88  91  91  94  99 102  99  72  75  81  89
 201 204  78  21  22  22  22  22  22  21  21  21  21  22  22  22
 204 208  92  21  22  22  22  22  22  22  22  22  22  22  22  22
 208 209  86  21  22  36  90 100  92  91  87  85  84  83 102 100
 206 210  73  20  21  83 205 214 214 212 211 211 211 210 208 209
 209 212 102  22  22  78 210 216 217 218 217 217 215 214 214 214
 211 214  98  23  21  76 211 218 218 219 220 219 218 217 217 215
 214 214  99  24  21  78 211 219 219 221 222 221 218 218 216 217
 214 216 105  22  21  84 213 220 222 221 222 221 220 218 218 217
 212 215 112  21  21  71 214 220 221 221 221 221 220 218 218 216
 212 215  99  20  22  77 212 220 222 220 221 221 219 218 218 216
 212 214 105  22  22  67 213 219 220 219 220 219 218 178 123 124
 210 214 108  24  22  65 212 218 218 218 218 218 217 128  21  22
 208 211 112  20  22  66 215 216 216 215 216 216 215 121  21  22

 199 202  91  22  22  76 211 216 217 218 218 217 217 112  21  22
 201 204  85  22  22  79 212 216 219 219 220 219 217 113  22  21
 201 205  81  22  22  67 211 218 219 220 221 221 219 167 130 124
 203 206  74  21  22  71 212 219 220 222 222 221 220 221 220 217
 202 206  98  21  22  78 214 219 222 222 223 223 223 222 220 218
 203 206  95  21  22  80 216 219 222 223 223 223 223 223 221 219
 204 207  92  22  22  82 218 221 221 223 224 224 223 221 222 220
 204 207  90  21  22  88 217 221 222 223 223 224 222 223 220 219
 204 206  92  22  22  93 219 220 220 222 224 223 222 222 221 219
 205 206  90  22  22  88 216 217 219 220 223 221 219 218 218 216
 203 206  85  22  22  34  73  68  71  65  59  59  65  54  52  54
 199 205  83  22  22  21  21  21  21  22  22  21  21  21  22  22
 199 205  99  20  21  22  21  21  20  23  21  20  21  21  21  25
 199 204 135  85 102  99  90 110 106 102 110 119 118 120 116 122
 200 205 207 208 210 211 213 214 215 216 217 217 217 215 214 213
 195 201 201 205 207 209 209 212 212 212 215 212 212 212 211 209
 202 204  91  22  22  72 216 218 219 221 221 221 219 116  21  22
 204 205  84  22  22  75 217 219 220 221 222 221 220 115  21  22
 204 205  78  21  22  68 218 220 222 222 223 222 223 171 131 128
 203 206  73  22  22  70 218 219 221 223 223 224 223 222 221 218
 204 206  96  22  22  74 217 220 222 223 224 224 224 223 221 219
 203 207  89  21  22  77 217 221 223 223 224 225 224 223 222 220
 205 207  84  21  22  75 218 220 223 223 225 224 223 223 222 219
 204 207  81  21  22  80 216 219 222 223 223 225 223 223 221 219
 205 206  79  21  22  84 216 219 222 223 223 224 223 221 221 219
 204 206  71  21  22  79 217 218 220 221 222 223 221 220 219 215
 203 206  66  22  22  32  74  69  72  65  57  59  62  51  49  51
 203 205  62  22  22  21  21  21  22  22  22  22  21  21  21  22
 202 205  86  21  22  21  22  21  21  20  21  22  22  21  20  21
 202 204 126  78  95  89  83 103  99  94 104 104 111 114 113 118
 201 203 204 207 209 211 212 215 216 218 217 217 216 216 215 213
 200 202 204 207 209 210 213 214 215 214 215 217 215 216 213 211
 194 199  89  22  22 100 209 214 215 217 217 216 216 124  22  22
 197 201  81  22  22 102 208 214 217 216 218 218 218 123  21  21
 196 200  75  22  22  83 210 214 217 218 218 218 218 178 128 121
 197 201  72  21  22  84 211 215 218 218 220 220 219 218 217 215
 198 201  99  21  22  85 211 217 219 221 221 221 221 219 218 216
 199 202 102  21  22  87 211 217 220 222 222 221 221 220 218 216
 199 202  99  21  22  91 212 218 219 221 221 221 220 219 218 215
 199 201  94  22  22  92 214 217 218 219 222 221 222 220 218 216
 198 202  91  22  22 100 214 216 218 219 220 220 220 219 218 216
 199 203  91  22  22  90 205 210 211 211 213 214 212 213 212 215
 200 201  88  22  22  36  83  78  76  78  84  71  77  67  65  66
 197 202  86  22  22  22  21  22  21  21  21  21  22  22  22  22
 195 201  96  21  21  21  20  22  23  24  22  21  20  22  24  20
 197 201 125  78  92  86  73 102  98  99 105 112  99 105 108 112
 198 201 202 204 208 209 210 212 214 214 216 215 215 214 214 211
 196 201 200 201 204 208 206 209 211 214 214 212 212 212 210 208

  22  21 124 217 218 219 220 219 219 216  54  22  25 122 213 209
  21  22 130 220 220 221 222 220 221 218  52  22  21 116 214 211
 112 113 167 221 222 223 221 223 222 218  54  21  21 120 215 212
 217 217 219 220 223 223 223 222 222 219  65  21  21 118 217 212
 217 219 221 221 223 223 224 224 223 221  59  21  20 119 217 212
 218 220 221 222 223 223 224 223 224 223  59  22  21 110 217 215
 218 219 220 222 222 223 223 223 222 220  65  22  23 102 216 212
 217 219 219 220 222 222 221 222 220 219  71  21  20 106 215 212
 216 216 218 219 219 219 221 221 220 217  68  21  21 110 214 212
 211 212 211 212 214 216 218 217 219 216  73  21  21  90 213 209
  76  79  67  71  78  80  82  88  93  88  34  21  22  99 211 209
  22  22  22  22  22  22  22  22  22  22  22  22  21 102 210 207
  22  22  22  21  21  21  22  21  22  22  22  22  20  85 208 205
  91  85  81  74  98  95  92  90  92  90  85  83  99 135 207 201
 202 204 205 206 206 206 207 207 206 206 206 205 205 204 205 201
 199 201 201 203 202 203 204 204 204 205 203 199 199 199 200 195
  22  22 128 218 219 220 219 219 219 215  51  22  21 118 213 211
  21  21 131 221 221 222 222 221 221 219  49  21  20 113 215 213
 116 115 171 222 223 223 223 223 221 220  51  21  21 114 216 216
 219 220 223 223 224 224 223 223 223 221  62  21  22 111 216 215
 221 221 222 224 224 225 224 225 224 223  59  22  22 104 217 217
 221 222 223 223 224 224 225 223 223 222  57  22  21 104 217 215
 221 221 222 223 223 223 223 223 223 221  65  22  20  94 218 214
 219 220 222 221 222 223 223 222 222 220  72  22  21  99 216 215
 218 219 220 219 220 221 220 219 219 218  69  21  21 103 215 214
 216 217 218 218 217 217 218 216 216 217  74  21  22  83 212 213
  72  75  68  70  74  77  75  80  84  79  32  21  21  89 211 210
  22  22  22  22  22  22  22  22  22  22  22  22  22  95 209 209
  22  22  21  22  22  21  21  21  21  21  22  22  21  78 207 207
  91  84  78  73  96  89  84  81  79  71  66  62  86 126 204 204
 204 205 205 206 206 207 207 207 206 206 206 205 205 204 203 202
 202 204 204 203 204 203 205 204 205 204 203 203 202 202 201 200
  22  21 121 215 216 216 215 216 216 215  66  22  20 112 211 208
  22  21 128 217 218 218 218 218 218 212  65  22  24 108 214 210
 124 123 178 218 219 220 219 220 219 213  67  22  22 105 214 212
 216 218 218 219 221 221 220 222 220 212  77  22  20  99 215 212
 216 218 218 220 221 221 221 221 220 214  71  21  21 112 215 212
 217 218 218 220 221 222 221 222 220 213  84  21  22 105 216 214
 217 216 218 218 221 222 221 219 219 211  78  21  24  99 214 214
 215 217 217 218 219 220 219 218 218 211  76  21  23  98 214 211
 214 214 214 215 217 217 218 217 216 210  78  22  22 102 212 209
 209 208 210 211 211 211 212 214 214 205  83  21  20  73 210 206
 100 102  83  84  85  87  91  92 100  90  36  22  21  86 209 208
  22  22  22  22  22  22  22  22  22  22  22  22  21  92 208 204
  22  22  22  21  21  21  21  22  22  22  22  22  21  78 204 201
  89  81  75  72  99 102  99  94  91  91  88  86  96 125 202 200
 199 201 200 201 201 202 202 201 202 203 201 202 201 201 201 201
 194 197 196 197 198 199 199 199 198 199 200 197 195 197 198 196

 209 211 212 212 212 215 212 212 212 209 209 207 205 201 201 195
 213 214 215 217 217 217 216 215 214 213 211 210 208 207 205 200
 122 116 120 118 119 110 102 106 110  90  99 102  85 135 204 199
  25  21  21  21  20  21  23  20  21  21  22  21  20  99 205 199
  22  22  21  21  21  22  22  21  21  21  21  22  22  83 205 199
  54  52  54  65  59  59  65  71  68  73  34  22  22  85 206 203
 216 218 218 219 221 223 220 219 217 216  88  22  22  90 206 205
 219 221 222 222 223 224 222 220 220 219  93  22  22  92 206 204
 219 220 223 222 224 223 223 222 221 217  88  22  21  90 207 204
 220 222 221 223 224 224 223 221 221 218  82  22  22  92 207 204
 219 221 223 223 223 223 223 222 219 216  80  22  21  95 206 203
 218 220 222 223 223 223 222 222 219 214  78  22  21  98 206 202
 217 220 221 220 221 222 222 220 219 212  71  22  21  74 206 203
 124 130 167 219 221 221 220 219 218 211  67  22  22  81 205 201
  21  22 113 217 219 220 219 219 216 212  79  22  22  85 204 201
  22  21 112 217 217 218 218 217 216 211  76  22  22  91 202 199
 211 213 216 215 217 215 214 215 214 213 210 209 207 204 202 200
 213 215 216 216 217 217 218 216 215 212 211 209 207 204 203 201
 118 113 114 111 104 104  94  99 103  83  89  95  78 126 204 202
  21  20  21  22  22  21  20  21  21  22  21  22  21  86 205 202
  22  21  21  21  22  22  22  22  21  21  21  22  22  62 205 203
  51  49  51  62  59  57  65  72  69  74  32  22  22  66 206 203
 215 219 220 221 223 222 221 220 218 217  79  22  21  71 206 204
 219 221 221 223 224 223 223 222 219 216  84  22  21  79 206 205
 219 221 223 223 225 223 223 222 219 216  80  22  21  81 207 204
 219 222 223 223 224 225 223 223 220 218  75  22  21  84 207 205
 220 222 223 224 225 224 223 223 221 217  77  22  21  89 207 203
 219 221 223 224 224 224 223 222 220 217  74  22  22  96 206 204
 218 221 222 223 224 223 223 221 219 218  70  22  22  73 206 203
 128 131 171 223 222 223 222 222 220 218  68  22  21  78 205 204
  22  21 115 220 221 222 221 220 219 217  75  22  22  84 205 204
  22  21 116 219 221 221 221 219 218 216  72  22  22  91 204 202
 208 210 212 212 212 214 214 211 209 206 208 204 201 200 201 196
 211 214 214 215 215 216 214 214 212 210 209 208 204 202 201 198
 112 108 105  99 112 105  99  98 102  73  86  92  78 125 201 197
  20  24  22  20  21  22  24  23  22  20  21  21  21  96 201 195
  22  22  22  22  21  21  21  21  22  21  22  22  22  86 202 197
  66  65  67  77  71  84  78  76  78  83  36  22  22  88 201 200
 215 212 213 212 214 213 211 211 210 205  90  22  22  91 203 199
 216 218 219 220 220 220 219 218 216 214 100  22  22  91 202 198
 216 218 220 222 221 222 219 218 217 214  92  22  22  94 201 199
 215 218 219 220 221 221 221 219 218 212  91  22  21  99 202 199
 216 218 220 221 221 222 222 220 217 211  87  22  21 102 202 199
 216 218 219 221 221 221 221 219 217 211  85  22  21  99 201 198
 215 217 218 219 220 220 218 218 215 211  84  22  21  72 201 197
 121 128 178 218 218 218 218 217 214 210  83  22  22  75 200 196
  21  21 123 218 218 218 216 217 214 208 102  22  22  81 201 197
  22  22 124 216 216 217 217 215 214 209 100  22  22  89 199 194

