 198 203 203 204 203 205 205 205 205 205 205 205 205 204 202 202
 199 203 204 206 206 206 206 207 207 206 206 205 205 205 202 203
 203 206 131  58  60  58  43  49  49  49  51  53  56  60  38  44
 202 208 114  22  22  22  22  22  22  22  22  22  22  22  22  22
 205 209 110  21  22  22  22  22  22  22  22  22  21  20  21  21
 208 212 117  23  22  22  22  22  21  96 117 114 120 113 112 108
 208 213 114  21  22  22  22  22  21 167 217 218 218 216 215 213
 210 214 120  20  22  22  22  22  21 170 219 219 220 218 217 215
 211 217 120  21  21  23  43  40  36 177 221 221 221 220 219 216
 210 217 127  21  21  48 215 214 215 218 223 222 222 221 219 218
 211 217 132  20  22  54 220 222 223 223 224 222 222 221 219 218
 211 217 129  21  21  59 219 222 222 224 224 223 222 221 220 218
 210 216 128  21  21  40 219 222 223 223 223 223 220 221 219 218
 209 216 122  20  21  44 218 221 221 220 222 222 220 220 218 217
 208 215 136  25  22  48 217 220 220 221 221 220 220 219 218 217
 208 213 132  23  22  54 214 218 218 219 218 219 218 216 215 214
 196 199 200 201 201 202 202 203 203 204 203 203 203 202 201 200
 200 202 202 202 203 203 203 204 205 205 204 203 203 202 203 202
 202 203 115  48  50  44  24  28  32  38  42  47  53  57  37  44
 205 205 102  22  22  22  22  22  22  22  22  22  22  22  22  22
 208 207 105  22  22  22  22  22  22  22  21  21  21  21  22  22
 208 210 110  21  22  22  22  22  23  94 117 113 117 114 111 108
 210 211 108  22  22  22  22  22  21 164 216 215 215 214 214 212
 211 212 110  21  22  22  22  22  20 167 218 218 218 218 216 216
 213 214 112  21  21  23  43  40  37 173 219 220 218 219 219 217
 212 214 109  21  22  47 218 217 219 220 220 220 220 220 219 217
 213 215 116  21  21  51 219 221 221 221 221 221 221 220 219 218
 213 214 121  22  22  56 219 220 220 221 221 220 221 219 219 218
 212 214 121  22  22  39 218 220 220 221 221 221 220 220 219 218
 210 213 115  20  21  41 218 219 219 219 220 220 220 219 219 217
 210 212 131  20  22  46 214 218 218 219 219 219 219 218 217 216
 207 210 123  20  22  51 210 216 216 217 217 216 216 216 216 214
 204 204 204 203 204 205 204 204 205 205 205 204 203 203 201 200
 206 205 203 201 202 203 204 204 206 205 205 204 204 205 206 204
 204 208 126  58  60  59  48  50  55  59  62  63  60  56  37  46
 203 210 105  22  22  22  22  22  22  22  22  22  22  22  22  22
 208 211  95  21  22  22  22  22  22  22  21  21  22  22  21  21
 210 213 109  21  22  22  22  22  19 103 127 124 130 127 126 121
 207 215 106  20  22  22  22  22  21 177 216 218 218 218 217 217
 213 217 116  22  22  22  22  22  23 180 221 221 219 220 218 218
 214 219 119  22  22  23  48  44  40 185 222 223 223 222 221 220
 215 219 124  22  21  63 205 213 214 222 225 225 224 222 220 221
 214 219 124  22  21  71 216 222 224 227 226 226 225 225 223 222
 214 220 116  21  21  76 216 224 226 225 228 226 224 224 223 221
 214 220 120  20  21  54 217 223 225 226 225 224 223 222 222 221
 215 219 114  24  22  58 215 224 224 224 224 223 223 222 221 221
 215 217 131  23  22  63 221 221 222 222 223 222 221 221 220 220
 215 217 125  23  22  68 224 219 219 219 221 220 220 220 219 217

 202 203  44  22  21 108 213 215 216 218 218 218 218 217 217 214
 202 202  38  22  21 112 215 217 219 219 219 220 219 218 218 215
 204 205  60  22  20 113 216 218 220 221 221 221 221 220 219 216
 205 205  56  22  21 120 218 220 221 222 222 222 220 220 220 218
 205 205  53  22  22 114 218 219 221 222 222 223 223 222 220 219
 205 206  51  22  22 117 217 219 221 223 224 224 223 222 221 218
 205 206  49  22  22  96 167 170 177 218 223 224 223 220 221 219
 205 207  49  22  22  21  21  21  36 215 223 222 223 221 220 218
 205 207  49  22  22  22  22  22  40 214 222 222 222 221 220 218
 205 206  43  22  22  22  22  22  43 215 220 219 219 218 217 214
 205 206  58  22  22  22  22  22  23  48  54  59  40  44  48  54
 203 206  60  22  22  22  22  22  21  21  22  21  21  21  22  22
 204 206  58  22  21  23  21  20  21  21  20  21  21  20  25  23
 203 204 131 114 110 117 114 120 120 127 132 129 128 122 136 132
 203 203 206 208 209 212 213 214 217 217 217 217 216 216 215 213
 198 199 203 202 205 208 208 210 211 210 211 211 210 209 208 208
 200 202  44  22  22 108 212 216 217 217 218 218 218 217 216 214
 201 203  37  22  22 111 214 216 219 219 219 219 219 219 217 216
 202 202  57  22  21 114 214 218 219 220 220 219 220 219 218 216
 203 203  53  22  21 117 215 218 218 220 221 221 220 220 219 216
 203 203  47  22  21 113 215 218 220 220 221 220 221 220 219 216
 203 204  42  22  21 117 216 218 219 220 221 221 221 220 219 217
 204 205  38  22  22  94 164 167 173 220 221 221 221 219 219 217
 203 205  32  22  22  23  21  20  37 219 221 220 220 219 218 216
 203 204  28  22  22  22  22  22  40 217 221 220 220 219 218 216
 202 203  24  22  22  22  22  22  43 218 219 219 218 218 214 210
 202 203  44  22  22  22  22  22  23  47  51  56  39  41  46  51
 201 203  50  22  22  22  22  22  21  22  21  22  22  21  22  22
 201 202  48  22  22  21  22  21  21  21  21  22  22  20  20  20
 200 202 115 102 105 110 108 110 112 109 116 121 121 115 131 123
 199 202 203 205 207 210 211 212 214 214 215 214 214 213 212 210
 196 200 202 205 208 208 210 211 213 212 213 213 212 210 210 207
 200 204  46  22  21 121 217 218 220 221 222 221 221 221 220 217
 201 206  37  22  21 126 217 218 221 220 223 223 222 221 220 219
 203 205  56  22  22 127 218 220 222 222 225 224 222 222 221 220
 203 204  60  22  22 130 218 219 223 224 225 224 223 223 221 220
 204 204  63  22  21 124 218 221 223 225 226 226 224 223 222 220
 205 205  62  22  21 127 216 221 222 225 226 228 225 224 223 221
 205 205  59  22  22 103 177 180 185 222 227 225 226 224 222 219
 205 206  55  22  22  19  21  23  40 214 224 226 225 224 222 219
 204 204  50  22  22  22  22  22  44 213 222 224 223 224 221 219
 204 204  48  22  22  22  22  22  48 205 216 216 217 215 221 224
 205 203  59  22  22  22  22  22  23  63  71  76  54  58  63  68
 204 202  60  22  22  22  22  22  22  21  21  21  21  22  22  22
 203 201  58  22  21  21  20  22  22  22  22  21  20  24  23  23
 204 203 126 105  95 109 106 116 119 124 124 116 120 114 131 125
 204 205 208 210 211 213 215 217 219 219 219 220 220 219 217 217
 204 206 204 203 208 210 207 213 214 215 214 214 214 215 215 215

 214 215 216 218 219 218 219 218 218 214  54  22  23 132 213 208
 217 218 219 220 220 221 221 220 220 217  48  22  25 136 215 208
 217 218 220 220 222 222 220 221 221 218  44  21  20 122 216 209
 218 219 221 220 223 223 223 223 222 219  40  21  21 128 216 210
 218 220 221 222 223 224 224 222 222 219  59  21  21 129 217 211
 218 219 221 222 222 224 223 223 222 220  54  22  20 132 217 211
 218 219 221 222 222 223 218 215 214 215  48  21  21 127 217 210
 216 219 220 221 221 221 177  36  40  43  23  21  21 120 217 211
 215 217 218 220 219 219 170  21  22  22  22  22  20 120 214 210
 213 215 216 218 218 217 167  21  22  22  22  22  21 114 213 208
 108 112 113 120 114 117  96  21  22  22  22  22  23 117 212 208
  21  21  20  21  22  22  22  22  22  22  22  22  21 110 209 205
  22  22  22  22  22  22  22  22  22  22  22  22  22 114 208 202
  44  38  60  56  53  51  49  49  49  43  58  60  58 131 206 203
 203 202 205 205 205 206 206 207 207 206 206 206 206 204 203 199
 202 202 204 205 205 205 205 205 205 205 205 203 204 203 203 198
 214 216 216 216 216 217 217 216 216 210  51  22  20 123 210 207
 216 217 218 219 219 219 219 218 218 214  46  22  20 131 212 210
 217 219 219 220 220 220 219 219 219 218  41  21  20 115 213 210
 218 219 220 220 221 221 221 220 220 218  39  22  22 121 214 212
 218 219 219 221 220 221 221 220 220 219  56  22  22 121 214 213
 218 219 220 221 221 221 221 221 221 219  51  21  21 116 215 213
 217 219 220 220 220 220 220 219 217 218  47  22  21 109 214 212
 217 219 219 218 220 219 173  37  40  43  23  21  21 112 214 213
 216 216 218 218 218 218 167  20  22  22  22  22  21 110 212 211
 212 214 214 215 215 216 164  21  22  22  22  22  22 108 211 210
 108 111 114 117 113 117  94  23  22  22  22  22  21 110 210 208
  22  22  21  21  21  21  22  22  22  22  22  22  22 105 207 208
  22  22  22  22  22  22  22  22  22  22  22  22  22 102 205 205
  44  37  57  53  47  42  38  32  28  24  44  50  48 115 203 202
 202 203 202 203 203 204 205 205 204 203 203 203 202 202 202 200
 200 201 202 203 203 203 204 203 203 202 202 201 201 200 199 196
 217 219 220 220 220 221 219 219 219 224  68  22  23 125 217 215
 220 220 221 221 222 223 222 222 221 221  63  22  23 131 217 215
 221 221 222 223 223 224 224 224 224 215  58  22  24 114 219 215
 221 222 222 223 224 225 226 225 223 217  54  21  20 120 220 214
 221 223 224 224 226 228 225 226 224 216  76  21  21 116 220 214
 222 223 225 225 226 226 227 224 222 216  71  21  22 124 219 214
 221 220 222 224 225 225 222 214 213 205  63  21  22 124 219 215
 220 221 222 223 223 222 185  40  44  48  23  22  22 119 219 214
 218 218 220 219 221 221 180  23  22  22  22  22  22 116 217 213
 217 217 218 218 218 216 177  21  22  22  22  22  20 106 215 207
 121 126 127 130 124 127 103  19  22  22  22  22  21 109 213 210
  21  21  22  22  21  21  22  22  22  22  22  22  21  95 211 208
  22  22  22  22  22  22  22  22  22  22  22  22  22 105 210 203
  46  37  56  60  63  62  59  55  50  48  59  60  58 126 208 204
 204 206 205 204 204 205 205 206 204 204 203 202 201 203 205 206
 200 201 203 203 204 205 205 205 204 204 205 204 203 204 204 204

 208 208 209 210 211 211 210 211 210 208 208 205 202 203 199 198
 213 215 216 216 217 217 217 217 214 213 212 209 208 206 203 203
 132 136 122 128 129 132 127 120 120 114 117 110 114 131 204 203
  23  25  20  21  21  20  21  21  20  21  23  21  22  58 206 204
  22  22  21  21  21  22  21  21  22  22  22  22  22  60 206 203
  54  48  44  40  59  54  48  23  22  22  22  22  22  58 206 205
 214 217 218 219 219 220 215  43  22  22  22  22  22  43 206 205
 218 220 221 222 222 222 214  40  22  22  22  22  22  49 207 205
 218 220 221 223 222 223 215  36  21  21  21  22  22  49 207 205
 219 221 220 223 224 223 218 177 170 167  96  22  22  49 206 205
 218 221 222 223 224 224 223 221 219 217 117  22  22  51 206 205
 219 220 222 223 223 222 222 221 219 218 114  22  22  53 205 205
 218 220 220 220 222 222 222 221 220 218 120  21  22  56 205 205
 216 219 220 221 221 221 221 220 218 216 113  20  22  60 205 204
 215 218 218 219 220 219 219 219 217 215 112  21  22  38 202 202
 214 217 217 218 218 218 218 216 215 213 108  21  22  44 203 202
 207 210 210 212 213 213 212 213 211 210 208 208 205 202 200 196
 210 212 213 214 214 215 214 214 212 211 210 207 205 203 202 199
 123 131 115 121 121 116 109 112 110 108 110 105 102 115 202 200
  20  20  20  22  22  21  21  21  21  22  21  22  22  48 202 201
  22  22  21  22  22  21  22  21  22  22  22  22  22  50 203 201
  51  46  41  39  56  51  47  23  22  22  22  22  22  44 203 202
 210 214 218 218 219 219 218  43  22  22  22  22  22  24 203 202
 216 218 219 220 220 221 217  40  22  22  22  22  22  28 204 203
 216 218 219 220 220 221 219  37  20  21  23  22  22  32 205 203
 217 219 219 221 221 221 220 173 167 164  94  22  22  38 205 204
 217 219 220 221 221 221 220 219 218 216 117  21  22  42 204 203
 216 219 220 221 220 221 220 220 218 215 113  21  22  47 203 203
 216 219 220 220 221 221 220 218 218 215 117  21  22  53 203 203
 216 218 219 220 219 220 220 219 218 214 114  21  22  57 202 202
 216 217 219 219 219 219 219 219 216 214 111  22  22  37 203 201
 214 216 217 218 218 218 217 217 216 212 108  22  22  44 202 200
 215 215 215 214 214 214 215 214 213 207 210 208 203 204 206 204
 217 217 219 220 220 219 219 219 217 215 213 211 210 208 205 204
 125 131 114 120 116 124 124 119 116 106 109  95 105 126 203 204
  23  23  24  20  21  22  22  22  22  20  21  21  22  58 201 203
  22  22  22  21  21  21  21  22  22  22  22  22  22  60 202 204
  68  63  58  54  76  71  63  23  22  22  22  22  22  59 203 205
 224 221 215 217 216 216 205  48  22  22  22  22  22  48 204 204
 219 221 224 223 224 222 213  44  22  22  22  22  22  50 204 204
 219 222 224 225 226 224 214  40  23  21  19  22  22  55 206 205
 219 222 224 226 225 227 222 185 180 177 103  22  22  59 205 205
 221 223 224 225 228 226 225 222 221 216 127  21  22  62 205 205
 220 222 223 224 226 226 225 223 221 218 124  21  22  63 204 204
 220 221 223 223 224 225 224 223 219 218 130  22  22  60 204 203
 220 221 222 222 224 225 222 222 220 218 127  22  22  56 205 203
 219 220 221 222 223 223 220 221 218 217 126  21  22  37 206 201
 217 220 221 221 221 222 221 220 218 217 121  21  22  46 204 200

