 199 202 202 203 203 204 204 205 204 204 204 204 203 203 202 202
 201 203 204 204 206 207 209 206 205 206 207 206 204 203 203 203
 203 206 106  59  63  66  68  53  50  55  56  57  61  62  62  53
 208 208  80  22  22  22  22  22  22  22  22  22  22  22  22  22
 210 209  72  21  22  22  22  22  22  22  22  22  22  21  21  22
 213 212  86  21  22  56 121 117 113 120 117 109 117 119 117 113
 212 213  88  21  21  77 216 216 217 219 219 218 217 214 216 214
 212 215  85  21  21  85 218 220 220 219 221 220 219 219 217 216
 213 216  86  21  21  91 219 221 222 223 222 222 221 221 219 217
 215 217  99  21  21  91 221 223 222 222 223 222 222 221 219 218
 215 217  92  22  21  78 221 223 223 223 224 223 223 221 220 218
 216 217  83  21  21  82 220 223 223 223 222 223 222 222 219 218
 213 217 100  22  21  81 219 221 222 222 223 222 222 221 220 217
 212 215 104  21  21  40  78  86  84 206 222 222 221 220 218 216
 212 213  99  20  22  22  22  22  22 179 219 219 219 219 217 215
 210 213  96  21  22  22  22  22  21 182 218 218 219 218 216 214
 199 201 202 203 203 204 204 205 205 205 205 205 205 204 203 202
 203 203 204 205 205 206 207 206 207 207 208 206 206 206 206 205
 203 205  95  48  51  54  56  35  36  43  46  48  51  55  55  42
 205 208  71  22  22  22  22  22  22  22  22  22  22  22  22  22
 207 210  67  21  22  22  22  22  22  22  21  21  22  22  21  21
 209 211  83  22  21  54 117 112 112 119 117 110 120 115 111 109
 213 213  81  21  21  77 217 216 218 219 218 218 217 217 217 215
 214 215  73  21  21  86 220 220 221 221 222 221 221 220 218 218
 215 216  73  22  21  92 221 222 222 222 223 223 222 221 221 219
 216 217  91  22  22  92 222 223 223 223 223 222 223 221 222 219
 215 218  86  22  22  79 223 223 223 223 224 224 224 222 222 221
 215 216  78  21  21  82 222 224 222 223 223 225 223 223 222 221
 215 216  93  22  22  75 221 222 222 223 223 223 223 223 222 220
 215 216  95  22  21  38  73  78  79 204 222 222 222 221 221 220
 214 214  85  22  22  22  21  21  23 176 220 222 221 220 219 219
 212 212  83  21  22  22  22  22  23 182 218 218 218 218 217 215
 202 201 199 200 200 200 198 199 199 199 200 199 198 197 197 196
 199 201 200 201 198 197 200 199 201 201 201 200 199 198 198 197
 202 204  95  58  61  62  63  53  53  55  59  60  59  63  55  44
 207 205  72  22  22  22  22  22  22  22  22  22  22  22  22  22
 209 207  66  22  22  22  22  22  22  22  22  21  20  20  21  21
 208 209  71  21  22  66 124 126 121 130 128 120 129 127 124 121
 206 211  80  22  22  93 209 213 214 215 215 214 214 213 210 211
 209 213  80  22  21  93 212 216 217 217 217 216 214 215 214 213
 212 214  81  21  21  96 214 218 218 219 220 217 217 218 217 214
 213 215  86  21  21  96 216 219 220 221 221 220 219 218 216 217
 216 215  83  21  21  84 215 220 221 221 222 222 219 220 218 216
 215 216  71  22  22  90 213 220 221 221 222 219 219 219 217 215
 214 215  89  20  20 106 214 219 221 221 221 219 219 217 217 217
 212 214  93  20  22  52  90  96  94 207 218 219 219 217 216 216
 211 214  83  20  22  22  22  22  20 184 216 215 217 217 216 215
 209 213  77  22  22  22  22  22  20 181 215 216 214 215 215 214

 202 203  53  22  22 113 214 216 217 218 218 218 217 216 215 214
 202 203  62  22  21 117 216 217 219 219 220 219 220 218 217 216
 203 203  62  22  21 119 214 219 221 221 221 222 221 220 219 218
 203 204  61  22  22 117 217 219 221 222 223 222 222 221 219 219
 204 206  57  22  22 109 218 220 222 222 223 223 222 222 219 218
 204 207  56  22  22 117 219 221 222 223 224 222 223 222 219 218
 204 206  55  22  22 120 219 219 223 222 223 223 222 206 179 182
 204 205  50  22  22 113 217 220 222 222 223 223 222  84  22  21
 205 206  53  22  22 117 216 220 221 223 223 223 221  86  22  22
 204 209  68  22  22 121 216 218 219 221 221 220 219  78  22  22
 204 207  66  22  22  56  77  85  91  91  78  82  81  40  22  22
 203 206  63  22  22  22  21  21  21  21  21  21  21  21  22  22
 203 204  59  22  21  21  21  21  21  21  22  21  22  21  20  21
 202 204 106  80  72  86  88  85  86  99  92  83 100 104  99  96
 202 203 206 208 209 212 213 215 216 217 217 217 217 215 213 213
 199 201 203 208 210 213 212 212 213 215 215 216 213 212 212 210
 202 205  42  22  21 109 215 218 219 219 221 221 220 220 219 215
 203 206  55  22  21 111 217 218 221 222 222 222 222 221 219 217
 204 206  55  22  22 115 217 220 221 221 222 223 223 221 220 218
 205 206  51  22  22 120 217 221 222 223 224 223 223 222 221 218
 205 206  48  22  21 110 218 221 223 222 224 225 223 222 222 218
 205 208  46  22  21 117 218 222 223 223 224 223 223 222 220 218
 205 207  43  22  22 119 219 221 222 223 223 223 223 204 176 182
 205 207  36  22  22 112 218 221 222 223 223 222 222  79  23  23
 205 206  35  22  22 112 216 220 222 223 223 224 222  78  21  22
 204 207  56  22  22 117 217 220 221 222 223 222 221  73  21  22
 204 206  54  22  22  54  77  86  92  92  79  82  75  38  22  22
 203 205  51  22  22  21  21  21  21  22  22  21  22  21  22  22
 203 205  48  22  21  22  21  21  22  22  22  21  22  22  22  21
 202 204  95  71  67  83  81  73  73  91  86  78  93  95  85  83
 201 203 205 208 210 211 213 215 216 217 218 216 216 216 214 212
 199 203 203 205 207 209 213 214 215 216 215 215 215 215 214 212
 196 197  44  22  21 121 211 213 214 217 216 215 217 216 215 214
 197 198  55  22  21 124 210 214 217 216 218 217 217 216 216 215
 197 198  63  22  20 127 213 215 218 218 220 219 217 217 217 215
 198 199  59  22  20 129 214 214 217 219 219 219 219 219 217 214
 199 200  60  22  21 120 214 216 217 220 222 219 219 219 215 216
 200 201  59  22  22 128 215 217 220 221 222 222 221 218 216 215
 199 201  55  22  22 130 215 217 219 221 221 221 221 207 184 181
 199 201  53  22  22 121 214 217 218 220 221 221 221  94  20  20
 199 199  53  22  22 126 213 216 218 219 220 220 219  96  22  22
 198 200  63  22  22 124 209 212 214 216 215 213 214  90  22  22
 200 197  62  22  22  66  93  93  96  96  84  90 106  52  22  22
 200 198  61  22  22  22  22  21  21  21  21  22  20  22  22  22
 200 201  58  22  22  21  22  22  21  21  21  22  20  20  20  22
 199 200  95  72  66  71  80  80  81  86  83  71  89  93  83  77
 201 201 204 205 207 209 211 213 214 215 215 216 215 214 214 213
 202 199 202 207 209 208 206 209 212 213 216 215 214 212 211 209

 214 216 218 219 218 218 182  21  22  22  22  22  21  96 213 210
 215 217 219 219 219 219 179  22  22  22  22  22  20  99 213 212
 216 218 220 221 222 222 206  84  86  78  40  21  21 104 215 212
 217 220 221 222 222 223 222 222 221 219  81  21  22 100 217 213
 218 219 222 222 223 222 223 223 223 220  82  21  21  83 217 216
 218 220 221 223 223 224 223 223 223 221  78  21  22  92 217 215
 218 219 221 222 222 223 222 222 223 221  91  21  21  99 217 215
 217 219 221 221 222 222 223 222 221 219  91  21  21  86 216 213
 216 217 219 219 220 221 219 220 220 218  85  21  21  85 215 212
 214 216 214 217 218 219 219 217 216 216  77  21  21  88 213 212
 113 117 119 117 109 117 120 113 117 121  56  22  21  86 212 213
  22  21  21  22  22  22  22  22  22  22  22  22  21  72 209 210
  22  22  22  22  22  22  22  22  22  22  22  22  22  80 208 208
  53  62  62  61  57  56  55  50  53  68  66  63  59 106 206 203
 203 203 203 204 206 207 206 205 206 209 207 206 204 204 203 201
 202 202 203 203 204 204 204 204 205 204 204 203 203 202 202 199
 215 217 218 218 218 218 182  23  22  22  22  22  21  83 212 212
 219 219 220 221 222 220 176  23  21  21  22  22  22  85 214 214
 220 221 221 222 222 222 204  79  78  73  38  21  22  95 216 215
 220 222 223 223 223 223 223 222 222 221  75  22  22  93 216 215
 221 222 223 223 225 223 223 222 224 222  82  21  21  78 216 215
 221 222 222 224 224 224 223 223 223 223  79  22  22  86 218 215
 219 222 221 223 222 223 223 223 223 222  92  22  22  91 217 216
 219 221 221 222 223 223 222 222 222 221  92  21  22  73 216 215
 218 218 220 221 221 222 221 221 220 220  86  21  21  73 215 214
 215 217 217 217 218 218 219 218 216 217  77  21  21  81 213 213
 109 111 115 120 110 117 119 112 112 117  54  21  22  83 211 209
  21  21  22  22  21  21  22  22  22  22  22  22  21  67 210 207
  22  22  22  22  22  22  22  22  22  22  22  22  22  71 208 205
  42  55  55  51  48  46  43  36  35  56  54  51  48  95 205 203
 205 206 206 206 206 208 207 207 206 207 206 205 205 204 203 203
 202 203 204 205 205 205 205 205 205 204 204 203 203 202 201 199
 214 215 215 214 216 215 181  20  22  22  22  22  22  77 213 209
 215 216 217 217 215 216 184  20  22  22  22  22  20  83 214 211
 216 216 217 219 219 218 207  94  96  90  52  22  20  93 214 212
 217 217 217 219 219 221 221 221 219 214 106  20  20  89 215 214
 215 217 219 219 219 222 221 221 220 213  90  22  22  71 216 215
 216 218 220 219 222 222 221 221 220 215  84  21  21  83 215 216
 217 216 218 219 220 221 221 220 219 216  96  21  21  86 215 213
 214 217 218 217 217 220 219 218 218 214  96  21  21  81 214 212
 213 214 215 214 216 217 217 217 216 212  93  21  22  80 213 209
 211 210 213 214 214 215 215 214 213 209  93  22  22  80 211 206
 121 124 127 129 120 128 130 121 126 124  66  22  21  71 209 208
  21  21  20  20  21  22  22  22  22  22  22  22  22  66 207 209
  22  22  22  22  22  22  22  22  22  22  22  22  22  72 205 207
  44  55  63  59  60  59  55  53  53  63  62  61  58  95 204 202
 197 198 198 199 200 201 201 201 199 200 197 198 201 200 201 199
 196 197 197 198 199 200 199 199 199 198 200 200 200 199 201 202

 210 212 212 213 216 215 215 213 212 212 213 210 208 203 201 199
 213 213 215 217 217 217 217 216 215 213 212 209 208 206 203 202
  96  99 104 100  83  92  99  86  85  88  86  72  80 106 204 202
  21  20  21  22  21  22  21  21  21  21  21  21  22  59 204 203
  22  22  21  21  21  21  21  21  21  21  22  22  22  63 206 203
  22  22  40  81  82  78  91  91  85  77  56  22  22  66 207 204
  22  22  78 219 220 221 221 219 218 216 121  22  22  68 209 204
  22  22  86 221 223 223 223 221 220 216 117  22  22  53 206 205
  21  22  84 222 223 223 222 222 220 217 113  22  22  50 205 204
 182 179 206 222 223 223 222 223 219 219 120  22  22  55 206 204
 218 219 222 223 222 224 223 222 221 219 117  22  22  56 207 204
 218 219 222 222 223 223 222 222 220 218 109  22  22  57 206 204
 219 219 221 222 222 223 222 221 219 217 117  22  22  61 204 203
 218 219 220 221 222 221 221 221 219 214 119  21  22  62 203 203
 216 217 218 220 219 220 219 219 217 216 117  21  22  62 203 202
 214 215 216 217 218 218 218 217 216 214 113  22  22  53 203 202
 212 214 215 215 215 215 216 215 214 213 209 207 205 203 203 199
 212 214 216 216 216 218 217 216 215 213 211 210 208 205 203 201
  83  85  95  93  78  86  91  73  73  81  83  67  71  95 204 202
  21  22  22  22  21  22  22  22  21  21  22  21  22  48 205 203
  22  22  21  22  21  22  22  21  21  21  21  22  22  51 205 203
  22  22  38  75  82  79  92  92  86  77  54  22  22  54 206 204
  22  21  73 221 222 223 222 221 220 217 117  22  22  56 207 204
  22  21  78 222 224 223 223 222 220 216 112  22  22  35 206 205
  23  23  79 222 222 223 223 222 221 218 112  22  22  36 207 205
 182 176 204 223 223 223 223 222 221 219 119  22  22  43 207 205
 218 220 222 223 223 224 223 223 222 218 117  21  22  46 208 205
 218 222 222 223 225 224 222 223 221 218 110  21  22  48 206 205
 218 221 222 223 223 224 223 222 221 217 120  22  22  51 206 205
 218 220 221 223 223 222 221 221 220 217 115  22  22  55 206 204
 217 219 221 222 222 222 222 221 218 217 111  21  22  55 206 203
 215 219 220 220 221 221 219 219 218 215 109  21  22  42 205 202
 209 211 212 214 215 216 213 212 209 206 208 209 207 202 199 202
 213 214 214 215 216 215 215 214 213 211 209 207 205 204 201 201
  77  83  93  89  71  83  86  81  80  80  71  66  72  95 200 199
  22  20  20  20  22  21  21  21  22  22  21  22  22  58 201 200
  22  22  22  20  22  21  21  21  21  22  22  22  22  61 198 200
  22  22  52 106  90  84  96  96  93  93  66  22  22  62 197 200
  22  22  90 214 213 215 216 214 212 209 124  22  22  63 200 198
  22  22  96 219 220 220 219 218 216 213 126  22  22  53 199 199
  20  20  94 221 221 221 220 218 217 214 121  22  22  53 201 199
 181 184 207 221 221 221 221 219 217 215 130  22  22  55 201 199
 215 216 218 221 222 222 221 220 217 215 128  22  22  59 201 200
 216 215 219 219 219 222 220 217 216 214 120  21  22  60 200 199
 214 217 219 219 219 219 219 217 214 214 129  20  22  59 199 198
 215 217 217 217 219 220 218 218 215 213 127  20  22  63 198 197
 215 216 216 217 217 218 216 217 214 210 124  21  22  55 198 197
 214 215 216 217 215 216 217 214 213 211 121  21  22  44 197 196

