 217 224 225 225 223 226 225 225 226 225 225 222 221 222 219 218
 224 226 227 213  87 110 226 228 228 227 173 101 151 223 222 221
 225 229 229 211  26  55 230 231 231 230 167  22 102 223 225 222
 227 230 231 209  25  55 231 232 232 231 170  22 100 226 225 225
 229 233 233 212  24  57 234 235 235 233 171  22 100 231 228 227
 231 234 236 214  29  42 154 155 159 146  99  21  99 233 233 232
 233 238 238 212  31  22  20  21  21  21  22  21  98 235 234 233
 235 237 240 212  30  30 156 157 156 151 116  20  96 235 238 234
 237 239 240 212  30  38 240 241 241 240 181  21  96 236 237 236
 181 189 194 210  27  42 241 243 243 241 182  21  96 240 236 236
  20  22  23 211  26  44 240 241 241 241 184  22  95 238 239 236
  22  22  23 206  29  47 242 242 242 241 185  27  97 238 238 235
  22  22  24 196 195 201 243 242 243 242 226 190 221 237 237 236
  22  22  25 198 241 241 242 241 242 241 242 239 239 237 236 235
  22  22  26 198 240 240 241 241 242 240 239 239 238 236 236 234
  22  22  21 201 237 237 239 239 239 238 238 238 236 235 232 232
 222 220 221 222 222 222 223 224 223 222 222 222 221 220 220 219
 223 223 224 212  64  93 225 226 225 225 169  91 141 224 223 221
 224 225 226 207  16  52 228 228 229 228 163  22  97 227 226 224
 226 226 227 208  16  54 231 231 231 230 165  22  96 229 227 227
 229 230 230 209  14  57 233 232 232 232 169  22  94 231 230 228
 231 232 233 210  19  43 143 146 151 140  93  21  93 232 232 230
 232 235 235 208  24  22  18  19  21  22  21  21  93 236 233 233
 235 236 237 206  23  29 163 161 158 155 123  19  92 237 236 235
 235 236 238 205  23  37 240 240 241 239 178  17  90 237 237 236
 182 187 192 205  21  41 241 241 241 241 180  17  90 238 238 237
  20  19  22 210  21  42 241 243 243 242 181  18  89 239 239 238
  22  22  24 205  19  42 243 242 243 242 182  20  90 238 240 238
  22  22  25 195 186 191 242 242 242 242 224 184 212 239 237 237
  22  22  26 200 238 240 241 242 241 241 241 240 240 239 237 237
  22  22  26 200 236 238 239 239 240 240 238 238 238 237 236 235
  22  22  22 201 235 237 238 238 237 236 237 236 236 235 234 233
 220 225 225 225 223 226 226 224 226 227 225 224 222 222 221 222
 222 228 229 207  92 105 222 228 229 229 175  85 133 222 224 225
 224 230 231 198  30  63 223 232 230 229 168  22  98 224 227 227
 227 232 234 199  29  65 224 233 233 234 172  22  97 227 230 229
 230 233 233 201  34  67 228 236 236 236 172  22  96 229 232 233
 232 236 239 205  33  48 157 163 165 154 107  22  96 231 233 235
 236 239 241 206  28  21  28  26  22  21  21  22  95 232 238 237
 238 240 242 207  28  36 174 177 171 167 131  28  93 235 239 240
 238 241 242 206  27  54 233 246 244 244 187  30  96 238 241 241
 182 188 189 202  24  57 231 247 246 246 189  29  96 241 244 242
  21  20  26 218  25  61 233 245 248 248 191  33  98 240 243 244
  22  22  23 213  29  59 234 247 247 247 192  37 101 242 242 242
  22  22  25 209 201 208 240 246 248 247 234 200 234 244 245 243
  22  22  26 216 243 245 245 245 246 246 247 245 244 244 243 240
  22  22  27 210 244 244 244 247 245 244 245 245 242 244 243 241
  22  22  23 210 242 242 243 242 241 242 241 241 241 240 240 238

 218 221 222 225 227 232 233 234 236 236 236 235 236 235 234 232
 219 222 225 225 228 233 234 238 237 236 239 238 237 236 236 232
 222 223 223 226 231 233 235 235 236 240 238 238 237 237 236 235
 221 151 102 100 100  99  98  96  96  96  95  97 221 239 238 236
 222 101  22  22  22  21  21  20  21  21  22  27 190 239 239 238
 225 173 167 170 171  99  22 116 181 182 184 185 226 242 239 238
 225 227 230 231 233 146  21 151 240 241 241 241 242 241 240 238
 226 228 231 232 235 159  21 156 241 243 241 242 243 242 242 239
 225 228 231 232 235 155  21 157 241 243 241 242 242 241 241 239
 225 226 230 231 234 154  20 156 240 241 240 242 243 242 241 239
 226 110  55  55  57  42  22  30  38  42  44  47 201 241 240 237
 223  87  26  25  24  29  31  30  30  27  26  29 195 241 240 237
 225 213 211 209 212 214 212 212 212 210 211 206 196 198 198 201
 225 227 229 231 233 236 238 240 240 194  23  23  24  25  26  21
 224 226 229 230 233 234 238 237 239 189  22  22  22  22  22  22
 217 224 225 227 229 231 233 235 237 181  20  22  22  22  22  22
 219 221 224 227 228 230 233 235 236 237 238 238 237 237 235 233
 220 223 226 227 230 232 233 236 237 238 239 240 237 237 236 234
 220 224 227 229 231 232 236 237 237 238 239 238 239 239 237 235
 221 141  97  96  94  93  93  92  90  90  89  90 212 240 238 236
 222  91  22  22  22  21  21  19  17  17  18  20 184 240 238 236
 222 169 163 165 169  93  21 123 178 180 181 182 224 241 238 237
 222 225 228 230 232 140  22 155 239 241 242 242 242 241 240 236
 223 225 229 231 232 151  21 158 241 241 243 243 242 241 240 237
 224 226 228 231 232 146  19 161 240 241 243 242 242 242 239 238
 223 225 228 231 233 143  18 163 240 241 241 243 242 241 239 238
 222  93  52  54  57  43  22  29  37  41  42  42 191 240 238 237
 222  64  16  16  14  19  24  23  23  21  21  19 186 238 236 235
 222 212 207 208 209 210 208 206 205 205 210 205 195 200 200 201
 221 224 226 227 230 233 235 237 238 192  22  24  25  26  26  22
 220 223 225 226 230 232 235 236 236 187  19  22  22  22  22  22
 222 223 224 226 229 231 232 235 235 182  20  22  22  22  22  22
 222 225 227 229 233 235 237 240 241 242 244 242 243 240 241 238
 221 224 227 230 232 233 238 239 241 244 243 242 245 243 243 240
 222 222 224 227 229 231 232 235 238 241 240 242 244 244 244 240
 222 133  98  97  96  96  95  93  96  96  98 101 234 244 242 241
 224  85  22  22  22  22  22  28  30  29  33  37 200 245 245 241
 225 175 168 172 172 107  21 131 187 189 191 192 234 247 245 241
 227 229 229 234 236 154  21 167 244 246 248 247 247 246 244 242
 226 229 230 233 236 165  22 171 244 246 248 247 248 246 245 241
 224 228 232 233 236 163  26 177 246 247 245 247 246 245 247 242
 226 222 223 224 228 157  28 174 233 231 233 234 240 245 244 243
 226 105  63  65  67  48  21  36  54  57  61  59 208 245 244 242
 223  92  30  29  34  33  28  28  27  24  25  29 201 243 244 242
 225 207 198 199 201 205 206 207 206 202 218 213 209 216 210 210
 225 229 231 234 233 239 241 242 242 189  26  23  25  26  27  23
 225 228 230 232 233 236 239 240 241 188  20  22  22  22  22  22
 220 222 224 227 230 232 236 238 238 182  21  22  22  22  22  22

 232 232 235 236 238 238 238 239 239 239 237 237 201  21  22  22
 234 236 236 238 239 239 240 242 241 241 240 240 198  26  22  22
 235 236 237 239 239 242 241 242 241 242 241 241 198  25  22  22
 236 237 237 221 190 226 242 243 242 243 201 195 196  24  22  22
 235 238 238  97  27 185 241 242 242 242  47  29 206  23  22  22
 236 239 238  95  22 184 241 241 241 240  44  26 211  23  22  20
 236 236 240  96  21 182 241 243 243 241  42  27 210 194 189 181
 236 237 236  96  21 181 240 241 241 240  38  30 212 240 239 237
 234 238 235  96  20 116 151 156 157 156  30  30 212 240 237 235
 233 234 235  98  21  22  21  21  21  20  22  31 212 238 238 233
 232 233 233  99  21  99 146 159 155 154  42  29 214 236 234 231
 227 228 231 100  22 171 233 235 235 234  57  24 212 233 233 229
 225 225 226 100  22 170 231 232 232 231  55  25 209 231 230 227
 222 225 223 102  22 167 230 231 231 230  55  26 211 229 229 225
 221 222 223 151 101 173 227 228 228 226 110  87 213 227 226 224
 218 219 222 221 222 225 225 226 225 225 226 223 225 225 224 217
 233 234 235 236 236 237 236 237 238 238 237 235 201  22  22  22
 235 236 237 238 238 238 240 240 239 239 238 236 200  26  22  22
 237 237 239 240 240 241 241 241 242 241 240 238 200  26  22  22
 237 237 239 212 184 224 242 242 242 242 191 186 195  25  22  22
 238 240 238  90  20 182 242 243 242 243  42  19 205  24  22  22
 238 239 239  89  18 181 242 243 243 241  42  21 210  22  19  20
 237 238 238  90  17 180 241 241 241 241  41  21 205 192 187 182
 236 237 237  90  17 178 239 241 240 240  37  23 205 238 236 235
 235 236 237  92  19 123 155 158 161 163  29  23 206 237 236 235
 233 233 236  93  21  21  22  21  19  18  22  24 208 235 235 232
 230 232 232  93  21  93 140 151 146 143  43  19 210 233 232 231
 228 230 231  94  22 169 232 232 232 233  57  14 209 230 230 229
 227 227 229  96  22 165 230 231 231 231  54  16 208 227 226 226
 224 226 227  97  22 163 228 229 228 228  52  16 207 226 225 224
 221 223 224 141  91 169 225 225 226 225  93  64 212 224 223 223
 219 220 220 221 222 222 222 223 224 223 222 222 222 221 220 222
 238 240 240 241 241 241 242 241 242 243 242 242 210  23  22  22
 241 243 244 242 245 245 244 245 247 244 244 244 210  27  22  22
 240 243 244 244 245 247 246 246 245 245 245 243 216  26  22  22
 243 245 244 234 200 234 247 248 246 240 208 201 209  25  22  22
 242 242 242 101  37 192 247 247 247 234  59  29 213  23  22  22
 244 243 240  98  33 191 248 248 245 233  61  25 218  26  20  21
 242 244 241  96  29 189 246 246 247 231  57  24 202 189 188 182
 241 241 238  96  30 187 244 244 246 233  54  27 206 242 241 238
 240 239 235  93  28 131 167 171 177 174  36  28 207 242 240 238
 237 238 232  95  22  21  21  22  26  28  21  28 206 241 239 236
 235 233 231  96  22 107 154 165 163 157  48  33 205 239 236 232
 233 232 229  96  22 172 236 236 236 228  67  34 201 233 233 230
 229 230 227  97  22 172 234 233 233 224  65  29 199 234 232 227
 227 227 224  98  22 168 229 230 232 223  63  30 198 231 230 224
 225 224 222 133  85 175 229 229 228 222 105  92 207 229 228 222
 222 221 222 222 224 225 227 226 224 226 226 223 225 225 225 220

  22  22  22  22  22  20 181 237 235 233 231 229 227 225 224 217
  22  22  22  22  22  22 189 239 237 238 234 233 230 229 226 224
  21  26  25  24  23  23 194 240 240 238 236 233 231 229 227 225
 201 198 198 196 206 211 210 212 212 212 214 212 209 211 213 225
 237 240 241 195  29  26  27  30  30  31  29  24  25  26  87 223
 237 240 241 201  47  44  42  38  30  22  42  57  55  55 110 226
 239 241 242 243 242 240 241 240 156  20 154 234 231 230 226 225
 239 241 241 242 242 241 243 241 157  21 155 235 232 231 228 225
 239 242 242 243 242 241 243 241 156  21 159 235 232 231 228 226
 238 240 241 242 241 241 241 240 151  21 146 233 231 230 227 225
 238 239 242 226 185 184 182 181 116  22  99 171 170 167 173 225
 238 239 239 190  27  22  21  21  20  21  21  22  22  22 101 222
 236 238 239 221  97  95  96  96  96  98  99 100 100 102 151 221
 235 236 237 237 238 238 240 236 235 235 233 231 226 223 223 222
 232 236 236 237 238 239 236 237 238 234 233 228 225 225 222 219
 232 234 235 236 235 236 236 236 234 233 232 227 225 222 221 218
  22  22  22  22  22  20 182 235 235 232 231 229 226 224 223 222
  22  22  22  22  22  19 187 236 236 235 232 230 226 225 223 220
  22  26  26  25  24  22 192 238 237 235 233 230 227 226 224 221
 201 200 200 195 205 210 205 205 206 208 210 209 208 207 212 222
 235 236 238 186  19  21  21  23  23  24  19  14  16  16  64 222
 237 238 240 191  42  42  41  37  29  22  43  57  54  52  93 222
 238 239 241 242 243 241 241 240 163  18 143 233 231 228 225 223
 238 239 242 242 242 243 241 240 161  19 146 232 231 228 226 224
 237 240 241 242 243 243 241 241 158  21 151 232 231 229 225 223
 236 240 241 242 242 242 241 239 155  22 140 232 230 228 225 222
 237 238 241 224 182 181 180 178 123  21  93 169 165 163 169 222
 236 238 240 184  20  18  17  17  19  21  21  22  22  22  91 222
 236 238 240 212  90  89  90  90  92  93  93  94  96  97 141 221
 235 237 239 239 238 239 238 237 237 236 232 231 229 227 224 220
 234 236 237 237 240 239 238 237 236 233 232 230 227 226 223 220
 233 235 237 237 238 238 237 236 235 233 230 228 227 224 221 219
  22  22  22  22  22  21 182 238 238 236 232 230 227 224 222 220
  22  22  22  22  22  20 188 241 240 239 236 233 232 230 228 225
  23  27  26  25  23  26 189 242 242 241 239 233 234 231 229 225
 210 210 216 209 213 218 202 206 207 206 205 201 199 198 207 225
 242 244 243 201  29  25  24  27  28  28  33  34  29  30  92 223
 242 244 245 208  59  61  57  54  36  21  48  67  65  63 105 226
 243 244 245 240 234 233 231 233 174  28 157 228 224 223 222 226
 242 247 245 246 247 245 247 246 177  26 163 236 233 232 228 224
 241 245 246 248 247 248 246 244 171  22 165 236 233 230 229 226
 242 244 246 247 247 248 246 244 167  21 154 236 234 229 229 227
 241 245 247 234 192 191 189 187 131  21 107 172 172 168 175 225
 241 245 245 200  37  33  29  30  28  22  22  22  22  22  85 224
 241 242 244 234 101  98  96  96  93  95  96  96  97  98 133 222
 240 244 244 244 242 240 241 238 235 232 231 229 227 224 222 222
 240 243 243 245 242 243 244 241 239 238 233 232 230 227 224 221
 238 241 240 243 242 244 242 241 240 237 235 233 229 227 225 222

