 232 235 235 236 236 237 236 236 237 235 234 234 233 231 229 225
 234 239 240 230 171 189 242 240 240 240 201 167 201 234 232 229
 237 243 242 205  30  80 241 242 241 241 135  23 138 236 234 230
 240 243 242 209  27  80 240 242 241 242 136  21 135 237 236 233
 239 244 243 213  26  74 241 244 243 242 140  19 134 237 240 235
 241 244 245 216  25  67 222 222 221 207 123  21 135 239 238 236
 242 244 245 219  27  21  20  20  20  21  21  19 133 241 240 238
 240 245 245 221  26  38 110 113  88  88  62  19 135 239 239 237
 243 244 246 222  27  67 243 244 242 243 147  20 133 240 240 239
 241 245 245 224  28  67 243 243 243 244 148  21 134 240 237 235
 239 243 245 226  31  67 242 245 245 244 150  23 136 239 239 234
 239 243 244 226  34  68 242 245 244 243 151  26 133 237 237 234
 238 242 242 234 168 181 242 244 243 241 193 140 187 237 236 231
 232 238 241 242 242 241 242 242 241 240 239 237 236 144 102 118
 231 237 239 239 238 238 240 238 238 239 238 235 232  88  21  21
 227 233 233 236 235 237 235 236 234 233 235 230 230  89  21  22
 233 234 236 235 236 237 237 237 237 236 235 235 233 232 231 229
 235 237 238 222 148 167 237 239 239 239 192 146 188 235 233 232
 236 239 238 204  17  69 241 240 239 239 132  20 125 236 235 234
 238 240 240 209  18  69 241 241 242 241 134  21 127 238 238 235
 241 240 240 210  18  68 243 242 241 241 136  21 126 239 240 237
 243 241 242 214  19  63 228 227 225 225 128  21 126 238 239 238
 243 242 243 217  19  21  20  20  19  18  17  22 126 241 240 238
 244 243 244 220  19  37 124 125  94  95  64  22 126 241 240 239
 243 243 243 221  19  60 244 244 243 243 147  20 125 240 241 240
 244 242 243 221  18  60 244 245 246 244 148  20 126 241 240 238
 242 243 243 224  19  60 243 246 244 242 149  20 125 239 238 237
 238 240 241 224  20  59 241 243 243 242 149  21 125 237 236 236
 236 236 239 230 137 158 241 241 240 239 199 141 187 236 235 233
 235 236 237 237 238 238 239 240 239 238 237 236 235 149  99 112
 234 232 234 235 235 236 236 236 235 236 234 235 233  89  21  22
 230 230 231 231 233 233 233 233 232 231 230 230 228  83  21  22
 227 233 232 232 231 231 232 234 233 233 233 233 234 232 232 231
 232 237 238 224 167 185 240 239 241 239 196 163 204 237 236 235
 237 240 242 192  32 108 233 242 242 242 123  24 135 240 238 236
 238 243 242 194  26 102 236 244 243 242 127  21 131 239 241 238
 237 244 244 198  29 101 236 245 244 244 130  21 130 241 242 241
 237 244 245 201  27  90 206 209 209 206 106  21 130 243 241 241
 239 247 245 203  27  24  30  31  30  32  27  20 131 243 243 242
 239 246 246 204  26  47 112 115  94  95  64  21 132 244 245 244
 240 247 247 208  25  93 240 243 242 243 140  25 135 244 243 243
 238 247 247 212  29  90 240 247 247 246 143  29 136 242 243 242
 239 242 246 213  26  87 241 244 246 247 144  30 137 242 241 241
 241 241 243 212  29  84 240 244 245 243 145  29 132 240 240 239
 239 242 240 225 150 176 238 244 243 243 187 137 186 236 238 236
 236 239 239 239 239 239 241 240 239 239 240 237 236 154 129 140
 227 237 236 238 237 236 238 239 238 237 238 236 235  89  21  21
 225 232 232 234 235 234 233 234 233 232 234 234 231  81  21  22

 225 229 230 233 235 236 238 237 239 235 234 234 231 118  21  22
 229 232 234 236 240 238 240 239 240 237 239 237 236 102  21  21
 231 234 236 237 237 239 241 239 240 240 239 237 237 144  88  89
 233 201 138 135 134 135 133 135 133 134 136 133 187 236 232 230
 234 167  23  21  19  21  19  19  20  21  23  26 140 237 235 230
 234 201 135 136 140 123  21  62 147 148 150 151 193 239 238 235
 235 240 241 242 242 207  21  88 243 244 244 243 241 240 239 233
 237 240 241 241 243 221  20  88 242 243 245 244 243 241 238 234
 236 240 242 242 244 222  20 113 244 243 245 245 244 242 238 236
 236 242 241 240 241 222  20 110 243 243 242 242 242 242 240 235
 237 189  80  80  74  67  21  38  67  67  67  68 181 241 238 237
 236 171  30  27  26  25  27  26  27  28  31  34 168 242 238 235
 236 230 205 209 213 216 219 221 222 224 226 226 234 242 239 236
 235 240 242 242 243 245 245 245 246 245 245 244 242 241 239 233
 235 239 243 243 244 244 244 245 244 245 243 243 242 238 237 233
 232 234 237 240 239 241 242 240 243 241 239 239 238 232 231 227
 229 232 234 235 237 238 238 239 240 238 237 236 233 112  22  22
 231 233 235 238 240 239 240 240 241 240 238 236 235  99  21  21
 232 235 236 238 239 238 241 241 240 241 239 237 236 149  89  83
 233 188 125 127 126 126 126 126 125 126 125 125 187 235 233 228
 235 146  20  21  21  21  22  22  20  20  20  21 141 236 235 230
 235 192 132 134 136 128  17  64 147 148 149 149 199 237 234 230
 236 239 239 241 241 225  18  95 243 244 242 242 239 238 236 231
 237 239 239 242 241 225  19  94 243 246 244 243 240 239 235 232
 237 239 240 241 242 227  20 125 244 245 246 243 241 240 236 233
 237 237 241 241 243 228  20 124 244 244 243 241 241 239 236 233
 237 167  69  69  68  63  21  37  60  60  60  59 158 238 236 233
 236 148  17  18  18  19  19  19  19  18  19  20 137 238 235 233
 235 222 204 209 210 214 217 220 221 221 224 224 230 237 235 231
 236 238 238 240 240 242 243 244 243 243 243 241 239 237 234 231
 234 237 239 240 240 241 242 243 243 242 243 240 236 236 232 230
 233 235 236 238 241 243 243 244 243 244 242 238 236 235 234 230
 231 235 236 238 241 241 242 244 243 242 241 239 236 140  21  22
 232 236 238 241 242 241 243 245 243 243 241 240 238 129  21  21
 232 237 240 239 241 243 243 244 244 242 242 240 236 154  89  81
 234 204 135 131 130 130 131 132 135 136 137 132 186 236 235 231
 233 163  24  21  21  21  20  21  25  29  30  29 137 237 236 234
 233 196 123 127 130 106  27  64 140 143 144 145 187 240 238 234
 233 239 242 242 244 206  32  95 243 246 247 243 243 239 237 232
 233 241 242 243 244 209  30  94 242 247 246 245 243 239 238 233
 234 239 242 244 245 209  31 115 243 247 244 244 244 240 239 234
 232 240 233 236 236 206  30 112 240 240 241 240 238 241 238 233
 231 185 108 102 101  90  24  47  93  90  87  84 176 239 236 234
 231 167  32  26  29  27  27  26  25  29  26  29 150 239 237 235
 232 224 192 194 198 201 203 204 208 212 213 212 225 239 238 234
 232 238 242 242 244 245 245 246 247 247 246 243 240 239 236 232
 233 237 240 243 244 244 247 246 247 247 242 241 242 239 237 232
 227 232 237 238 237 237 239 239 240 238 239 241 239 236 227 225

  22  21  89 230 230 235 233 234 236 235 237 235 236 233 233 227
  21  21  88 232 235 238 239 238 238 240 238 238 239 239 237 231
 118 102 144 236 237 239 240 241 242 242 241 242 242 241 238 232
 231 236 237 187 140 193 241 243 244 242 181 168 234 242 242 238
 234 237 237 133  26 151 243 244 245 242  68  34 226 244 243 239
 234 239 239 136  23 150 244 245 245 242  67  31 226 245 243 239
 235 237 240 134  21 148 244 243 243 243  67  28 224 245 245 241
 239 240 240 133  20 147 243 242 244 243  67  27 222 246 244 243
 237 239 239 135  19  62  88  88 113 110  38  26 221 245 245 240
 238 240 241 133  19  21  21  20  20  20  21  27 219 245 244 242
 236 238 239 135  21 123 207 221 222 222  67  25 216 245 244 241
 235 240 237 134  19 140 242 243 244 241  74  26 213 243 244 239
 233 236 237 135  21 136 242 241 242 240  80  27 209 242 243 240
 230 234 236 138  23 135 241 241 242 241  80  30 205 242 243 237
 229 232 234 201 167 201 240 240 240 242 189 171 230 240 239 234
 225 229 231 233 234 234 235 237 236 236 237 236 236 235 235 232
  22  21  83 228 230 230 231 232 233 233 233 233 231 231 230 230
  22  21  89 233 235 234 236 235 236 236 236 235 235 234 232 234
 112  99 149 235 236 237 238 239 240 239 238 238 237 237 236 235
 233 235 236 187 141 199 239 240 241 241 158 137 230 239 236 236
 236 236 237 125  21 149 242 243 243 241  59  20 224 241 240 238
 237 238 239 125  20 149 242 244 246 243  60  19 224 243 243 242
 238 240 241 126  20 148 244 246 245 244  60  18 221 243 242 244
 240 241 240 125  20 147 243 243 244 244  60  19 221 243 243 243
 239 240 241 126  22  64  95  94 125 124  37  19 220 244 243 244
 238 240 241 126  22  17  18  19  20  20  21  19 217 243 242 243
 238 239 238 126  21 128 225 225 227 228  63  19 214 242 241 243
 237 240 239 126  21 136 241 241 242 243  68  18 210 240 240 241
 235 238 238 127  21 134 241 242 241 241  69  18 209 240 240 238
 234 235 236 125  20 132 239 239 240 241  69  17 204 238 239 236
 232 233 235 188 146 192 239 239 239 237 167 148 222 238 237 235
 229 231 232 233 235 235 236 237 237 237 237 236 235 236 234 233
  22  21  81 231 234 234 232 233 234 233 234 235 234 232 232 225
  21  21  89 235 236 238 237 238 239 238 236 237 238 236 237 227
 140 129 154 236 237 240 239 239 240 241 239 239 239 239 239 236
 236 238 236 186 137 187 243 243 244 238 176 150 225 240 242 239
 239 240 240 132  29 145 243 245 244 240  84  29 212 243 241 241
 241 241 242 137  30 144 247 246 244 241  87  26 213 246 242 239
 242 243 242 136  29 143 246 247 247 240  90  29 212 247 247 238
 243 243 244 135  25 140 243 242 243 240  93  25 208 247 247 240
 244 245 244 132  21  64  95  94 115 112  47  26 204 246 246 239
 242 243 243 131  20  27  32  30  31  30  24  27 203 245 247 239
 241 241 243 130  21 106 206 209 209 206  90  27 201 245 244 237
 241 242 241 130  21 130 244 244 245 236 101  29 198 244 244 237
 238 241 239 131  21 127 242 243 244 236 102  26 194 242 243 238
 236 238 240 135  24 123 242 242 242 233 108  32 192 242 240 237
 235 236 237 204 163 196 239 241 239 240 185 167 224 238 237 232
 231 232 232 234 233 233 233 233 234 232 231 231 232 232 233 227

 227 231 232 238 239 239 241 243 240 242 241 239 240 237 234 232
 233 237 238 242 243 243 245 244 245 244 244 244 243 243 239 235
 233 239 241 242 244 245 245 246 245 245 245 243 242 242 240 235
 236 239 242 234 226 226 224 222 221 219 216 213 209 205 230 236
 235 238 242 168  34  31  28  27  26  27  25  26  27  30 171 236
 237 238 241 181  68  67  67  67  38  21  67  74  80  80 189 237
 235 240 242 242 242 242 243 243 110  20 222 241 240 241 242 236
 236 238 242 244 245 245 243 244 113  20 222 244 242 242 240 236
 234 238 241 243 244 245 243 242  88  20 221 243 241 241 240 237
 233 239 240 241 243 244 244 243  88  21 207 242 242 241 240 235
 235 238 239 193 151 150 148 147  62  21 123 140 136 135 201 234
 230 235 237 140  26  23  21  20  19  19  21  19  21  23 167 234
 230 232 236 187 133 136 134 133 135 133 135 134 135 138 201 233
  89  88 144 237 237 239 240 240 239 241 239 237 237 236 234 231
  21  21 102 236 237 239 237 240 239 240 238 240 236 234 232 229
  22  21 118 231 234 234 235 239 237 238 236 235 233 230 229 225
 230 234 235 236 238 242 244 243 244 243 243 241 238 236 235 233
 230 232 236 236 240 243 242 243 243 242 241 240 240 239 237 234
 231 234 237 239 241 243 243 243 244 243 242 240 240 238 238 236
 231 235 237 230 224 224 221 221 220 217 214 210 209 204 222 235
 233 235 238 137  20  19  18  19  19  19  19  18  18  17 148 236
 233 236 238 158  59  60  60  60  37  21  63  68  69  69 167 237
 233 236 239 241 241 243 244 244 124  20 228 243 241 241 237 237
 233 236 240 241 243 246 245 244 125  20 227 242 241 240 239 237
 232 235 239 240 243 244 246 243  94  19 225 241 242 239 239 237
 231 236 238 239 242 242 244 243  95  18 225 241 241 239 239 236
 230 234 237 199 149 149 148 147  64  17 128 136 134 132 192 235
 230 235 236 141  21  20  20  20  22  22  21  21  21  20 146 235
 228 233 235 187 125 125 126 125 126 126 126 126 127 125 188 233
  83  89 149 236 237 239 241 240 241 241 238 239 238 236 235 232
  21  21  99 235 236 238 240 241 240 240 239 240 238 235 233 231
  22  22 112 233 236 237 238 240 239 238 238 237 235 234 232 229
 225 227 236 239 241 239 238 240 239 239 237 237 238 237 232 227
 232 237 239 242 241 242 247 247 246 247 244 244 243 240 237 233
 232 236 239 240 243 246 247 247 246 245 245 244 242 242 238 232
 234 238 239 225 212 213 212 208 204 203 201 198 194 192 224 232
 235 237 239 150  29  26  29  25  26  27  27  29  26  32 167 231
 234 236 239 176  84  87  90  93  47  24  90 101 102 108 185 231
 233 238 241 238 240 241 240 240 112  30 206 236 236 233 240 232
 234 239 240 244 244 244 247 243 115  31 209 245 244 242 239 234
 233 238 239 243 245 246 247 242  94  30 209 244 243 242 241 233
 232 237 239 243 243 247 246 243  95  32 206 244 242 242 239 233
 234 238 240 187 145 144 143 140  64  27 106 130 127 123 196 233
 234 236 237 137  29  30  29  25  21  20  21  21  21  24 163 233
 231 235 236 186 132 137 136 135 132 131 130 130 131 135 204 234
  81  89 154 236 240 242 242 244 244 243 243 241 239 240 237 232
  21  21 129 238 240 241 243 243 245 243 241 242 241 238 236 232
  22  21 140 236 239 241 242 243 244 242 241 241 238 236 235 231

