 234 236 235 236 238 237 239 237 238 238 238 237 236 235 234 233
 235 237 238 208 124 164 242 241 240 242 173 123 190 236 236 234
 238 239 240 181  29 100 241 242 242 241 118  20 143 238 239 236
 238 241 243 180  27 100 241 244 244 243 118  21 142 240 240 238
 242 243 242 180  28 102 243 245 244 243 118  20 143 240 241 239
 244 243 244 183  27  82 195 197 195 193  93  21 147 243 244 242
 242 243 243 181  26  22  21  21  21  22  22  21 146 243 244 242
 242 244 245 189  26  67 150 149 147 148  82  21 147 244 244 242
 244 244 245 191  26  92 246 245 245 245 138  21 144 244 244 241
 242 246 246 192  26  88 245 244 245 244 138  21 144 233 227 225
 242 245 245 190  28  92 245 243 245 245 139  21 143  93  26  23
 239 243 244 188  32  95 244 244 245 245 138  21 145  86  22  22
 237 241 243 219 171 196 244 246 245 244 207 166 209  84  22  22
 235 241 241 242 242 243 244 244 243 244 243 240 239  80  22  22
 233 238 239 240 242 242 242 243 242 241 241 239 238  77  22  22
 230 236 237 236 239 238 238 240 238 239 238 237 234  73  22  22
 231 231 232 234 235 236 235 236 237 237 237 236 236 235 235 233
 232 233 234 199 110 153 238 238 238 238 162 110 178 236 236 234
 234 235 236 170  19  97 238 240 241 241 113  22 135 240 238 237
 234 236 238 169  18  98 241 242 241 241 113  21 135 242 240 238
 238 239 241 169  18 100 241 242 244 243 114  20 136 243 241 240
 238 240 242 172  18  80 187 187 189 189  87  20 138 245 242 240
 240 240 243 171  19  21  19  19  19  18  20  21 140 245 244 243
 240 243 244 186  18  65 141 141 139 140  82  21 140 246 244 244
 241 242 244 190  18  92 246 248 246 247 134  20 137 247 244 244
 241 243 243 189  19  88 246 247 248 247 133  21 136 240 235 234
 240 241 243 186  20  91 247 247 246 246 132  21 139  88  15  12
 239 240 242 185  22  92 245 246 246 245 129  22 140  84  22  22
 239 238 239 217 162 186 243 245 245 244 194 161 206  84  22  22
 235 237 238 237 240 240 241 242 243 242 241 239 237  81  22  22
 233 233 235 236 238 238 238 239 239 240 239 237 235  74  22  22
 230 231 232 233 234 235 235 236 236 235 235 234 232  71  22  22
 233 234 234 234 233 235 236 234 234 235 233 233 233 232 231 231
 235 236 237 201 124 167 237 237 240 238 166 116 183 237 235 234
 238 238 238 168  27 111 239 242 241 239 117  20 141 232 239 235
 241 240 240 169  27 111 239 243 243 243 118  21 142 235 240 239
 239 242 240 168  27 113 242 246 245 244 118  23 144 237 241 240
 243 244 244 171  26  87 173 176 176 176  80  23 146 237 243 243
 243 244 245 170  26  22  28  28  28  28  25  21 149 242 244 242
 244 246 246 167  28  74 152 152 151 151  89  22 150 242 245 244
 245 246 247 166  29 106 246 245 245 245 140  23 146 242 246 246
 245 247 247 166  30 102 247 247 247 247 145  23 146 232 230 226
 245 247 248 164  33 103 242 247 248 247 146  23 148 102  44  44
 243 247 246 163  36 106 242 246 248 246 146  23 150  87  22  22
 240 244 246 210 171 196 243 245 244 244 204 163 208  82  22  22
 239 242 241 242 243 244 243 244 243 243 242 241 239  79  22  22
 235 239 239 240 241 241 239 240 241 239 237 240 237  81  22  22
 233 236 236 237 238 237 237 236 238 237 236 236 234  78  22  22

 233 234 236 238 239 242 242 242 241 225  23  22  22  22  22  22
 234 236 239 240 241 244 244 244 244 227  26  22  22  22  22  22
 235 236 238 240 240 243 243 244 244 233  93  86  84  80  77  73
 236 190 143 142 143 147 146 147 144 144 143 145 209 239 238 234
 237 123  20  21  20  21  21  21  21  21  21  21 166 240 239 237
 238 173 118 118 118  93  22  82 138 138 139 138 207 243 241 238
 238 242 241 243 243 193  22 148 245 244 245 245 244 244 241 239
 238 240 242 244 244 195  21 147 245 245 245 245 245 243 242 238
 237 241 242 244 245 197  21 149 245 244 243 244 246 244 243 240
 239 242 241 241 243 195  21 150 246 245 245 244 244 244 242 238
 237 164 100 100 102  82  22  67  92  88  92  95 196 243 242 238
 238 124  29  27  28  27  26  26  26  26  28  32 171 242 242 239
 236 208 181 180 180 183 181 189 191 192 190 188 219 242 240 236
 235 238 240 243 242 244 243 245 245 246 245 244 243 241 239 237
 236 237 239 241 243 243 243 244 244 246 245 243 241 241 238 236
 234 235 238 238 242 244 242 242 244 242 242 239 237 235 233 230
 233 234 237 238 240 240 243 244 244 234  12  22  22  22  22  22
 235 236 238 240 241 242 244 244 244 235  15  22  22  22  22  22
 235 236 240 242 243 245 245 246 247 240  88  84  84  81  74  71
 236 178 135 135 136 138 140 140 137 136 139 140 206 237 235 232
 236 110  22  21  20  20  21  21  20  21  21  22 161 239 237 234
 237 162 113 113 114  87  20  82 134 133 132 129 194 241 239 235
 237 238 241 241 243 189  18 140 247 247 246 245 244 242 240 235
 237 238 241 241 244 189  19 139 246 248 246 246 245 243 239 236
 236 238 240 242 242 187  19 141 248 247 247 246 245 242 239 236
 235 238 238 241 241 187  19 141 246 246 247 245 243 241 238 235
 236 153  97  98 100  80  21  65  92  88  91  92 186 240 238 235
 235 110  19  18  18  18  19  18  18  19  20  22 162 240 238 234
 234 199 170 169 169 172 171 186 190 189 186 185 217 237 236 233
 232 234 236 238 241 242 243 244 244 243 243 242 239 238 235 232
 231 233 235 236 239 240 240 243 242 243 241 240 238 237 233 231
 231 232 234 234 238 238 240 240 241 241 240 239 239 235 233 230
 231 234 235 239 240 243 242 244 246 226  44  22  22  22  22  22
 231 235 239 240 241 243 244 245 246 230  44  22  22  22  22  22
 232 237 232 235 237 237 242 242 242 232 102  87  82  79  81  78
 233 183 141 142 144 146 149 150 146 146 148 150 208 239 237 234
 233 116  20  21  23  23  21  22  23  23  23  23 163 241 240 236
 233 166 117 118 118  80  25  89 140 145 146 146 204 242 237 236
 235 238 239 243 244 176  28 151 245 247 247 246 244 243 239 237
 234 240 241 243 245 176  28 151 245 247 248 248 244 243 241 238
 234 237 242 243 246 176  28 152 245 247 247 246 245 244 240 236
 236 237 239 239 242 173  28 152 246 247 242 242 243 243 239 237
 235 167 111 111 113  87  22  74 106 102 103 106 196 244 241 237
 233 124  27  27  27  26  26  28  29  30  33  36 171 243 241 238
 234 201 168 169 168 171 170 167 166 166 164 163 210 242 240 237
 234 237 238 240 240 244 245 246 247 247 248 246 246 241 239 236
 234 236 238 240 242 244 244 246 246 247 247 247 244 242 239 236
 233 235 238 241 239 243 243 244 245 245 245 243 240 239 235 233

  22  22  73 234 237 238 239 238 240 238 238 239 236 237 236 230
  22  22  77 238 239 241 241 242 243 242 242 242 240 239 238 233
  22  22  80 239 240 243 244 243 244 244 243 242 242 241 241 235
  22  22  84 209 166 207 244 245 246 244 196 171 219 243 241 237
  22  22  86 145  21 138 245 245 244 244  95  32 188 244 243 239
  23  26  93 143  21 139 245 245 243 245  92  28 190 245 245 242
 225 227 233 144  21 138 244 245 244 245  88  26 192 246 246 242
 241 244 244 144  21 138 245 245 245 246  92  26 191 245 244 244
 242 244 244 147  21  82 148 147 149 150  67  26 189 245 244 242
 242 244 243 146  21  22  22  21  21  21  22  26 181 243 243 242
 242 244 243 147  21  93 193 195 197 195  82  27 183 244 243 244
 239 241 240 143  20 118 243 244 245 243 102  28 180 242 243 242
 238 240 240 142  21 118 243 244 244 241 100  27 180 243 241 238
 236 239 238 143  20 118 241 242 242 241 100  29 181 240 239 238
 234 236 236 190 123 173 242 240 241 242 164 124 208 238 237 235
 233 234 235 236 237 238 238 238 237 239 237 238 236 235 236 234
  22  22  71 232 234 235 235 236 236 235 235 234 233 232 231 230
  22  22  74 235 237 239 240 239 239 238 238 238 236 235 233 233
  22  22  81 237 239 241 242 243 242 241 240 240 237 238 237 235
  22  22  84 206 161 194 244 245 245 243 186 162 217 239 238 239
  22  22  84 140  22 129 245 246 246 245  92  22 185 242 240 239
  12  15  88 139  21 132 246 246 247 247  91  20 186 243 241 240
 234 235 240 136  21 133 247 248 247 246  88  19 189 243 243 241
 244 244 247 137  20 134 247 246 248 246  92  18 190 244 242 241
 244 244 246 140  21  82 140 139 141 141  65  18 186 244 243 240
 243 244 245 140  21  20  18  19  19  19  21  19 171 243 240 240
 240 242 245 138  20  87 189 189 187 187  80  18 172 242 240 238
 240 241 243 136  20 114 243 244 242 241 100  18 169 241 239 238
 238 240 242 135  21 113 241 241 242 241  98  18 169 238 236 234
 237 238 240 135  22 113 241 241 240 238  97  19 170 236 235 234
 234 236 236 178 110 162 238 238 238 238 153 110 199 234 233 232
 233 235 235 236 236 237 237 237 236 235 236 235 234 232 231 231
  22  22  78 234 236 236 237 238 236 237 237 238 237 236 236 233
  22  22  81 237 240 237 239 241 240 239 241 241 240 239 239 235
  22  22  79 239 241 242 243 243 244 243 244 243 242 241 242 239
  22  22  82 208 163 204 244 244 245 243 196 171 210 246 244 240
  22  22  87 150  23 146 246 248 246 242 106  36 163 246 247 243
  44  44 102 148  23 146 247 248 247 242 103  33 164 248 247 245
 226 230 232 146  23 145 247 247 247 247 102  30 166 247 247 245
 246 246 242 146  23 140 245 245 245 246 106  29 166 247 246 245
 244 245 242 150  22  89 151 151 152 152  74  28 167 246 246 244
 242 244 242 149  21  25  28  28  28  28  22  26 170 245 244 243
 243 243 237 146  23  80 176 176 176 173  87  26 171 244 244 243
 240 241 237 144  23 118 244 245 246 242 113  27 168 240 242 239
 239 240 235 142  21 118 243 243 243 239 111  27 169 240 240 241
 235 239 232 141  20 117 239 241 242 239 111  27 168 238 238 238
 234 235 237 183 116 166 238 240 237 237 167 124 201 237 236 235
 231 231 232 233 233 233 235 234 234 236 235 233 234 234 234 233

 230 233 235 237 239 242 242 244 242 242 244 242 238 238 235 234
 236 238 241 241 243 245 246 244 244 243 243 243 241 239 237 236
 237 239 241 243 244 245 246 245 245 243 244 242 243 240 238 235
 236 240 242 219 188 190 192 191 189 181 183 180 180 181 208 236
 239 242 242 171  32  28  26  26  26  26  27  28  27  29 124 238
 238 242 243 196  95  92  88  92  67  22  82 102 100 100 164 237
 238 242 244 244 244 245 245 246 150  21 195 243 241 241 242 239
 240 243 244 246 244 243 244 245 149  21 197 245 244 242 241 237
 238 242 243 245 245 245 245 245 147  21 195 244 244 242 240 238
 239 241 244 244 245 245 244 245 148  22 193 243 243 241 242 238
 238 241 243 207 138 139 138 138  82  22  93 118 118 118 173 238
 237 239 240 166  21  21  21  21  21  21  21  20  21  20 123 237
 234 238 239 209 145 143 144 144 147 146 147 143 142 143 190 236
  73  77  80  84  86  93 233 244 244 243 243 240 240 238 236 235
  22  22  22  22  22  26 227 244 244 244 244 241 240 239 236 234
  22  22  22  22  22  23 225 241 242 242 242 239 238 236 234 233
 230 233 235 239 239 240 241 241 240 240 238 238 234 234 232 231
 231 233 237 238 240 241 243 242 243 240 240 239 236 235 233 231
 232 235 238 239 242 243 243 244 244 243 242 241 238 236 234 232
 233 236 237 217 185 186 189 190 186 171 172 169 169 170 199 234
 234 238 240 162  22  20  19  18  18  19  18  18  18  19 110 235
 235 238 240 186  92  91  88  92  65  21  80 100  98  97 153 236
 235 238 241 243 245 247 246 246 141  19 187 241 241 238 238 235
 236 239 242 245 246 247 247 248 141  19 187 242 242 240 238 236
 236 239 243 245 246 246 248 246 139  19 189 244 241 241 238 237
 235 240 242 244 245 246 247 247 140  18 189 243 241 241 238 237
 235 239 241 194 129 132 133 134  82  20  87 114 113 113 162 237
 234 237 239 161  22  21  21  20  21  21  20  20  21  22 110 236
 232 235 237 206 140 139 136 137 140 140 138 136 135 135 178 236
  71  74  81  84  84  88 240 247 246 245 245 243 242 240 236 235
  22  22  22  22  22  15 235 244 244 244 242 241 240 238 236 235
  22  22  22  22  22  12 234 244 244 243 240 240 238 237 234 233
 233 235 239 240 243 245 245 245 244 243 243 239 241 238 235 233
 236 239 242 244 247 247 247 246 246 244 244 242 240 238 236 234
 236 239 241 246 246 248 247 247 246 245 244 240 240 238 237 234
 237 240 242 210 163 164 166 166 167 170 171 168 169 168 201 234
 238 241 243 171  36  33  30  29  28  26  26  27  27  27 124 233
 237 241 244 196 106 103 102 106  74  22  87 113 111 111 167 235
 237 239 243 243 242 242 247 246 152  28 173 242 239 239 237 236
 236 240 244 245 246 247 247 245 152  28 176 246 243 242 237 234
 238 241 243 244 248 248 247 245 151  28 176 245 243 241 240 234
 237 239 243 244 246 247 247 245 151  28 176 244 243 239 238 235
 236 237 242 204 146 146 145 140  89  25  80 118 118 117 166 233
 236 240 241 163  23  23  23  23  22  21  23  23  21  20 116 233
 234 237 239 208 150 148 146 146 150 149 146 144 142 141 183 233
  78  81  79  82  87 102 232 242 242 242 237 237 235 232 237 232
  22  22  22  22  22  44 230 246 245 244 243 241 240 239 235 231
  22  22  22  22  22  44 226 246 244 242 243 240 239 235 234 231

