 222 228 228 229 228 230 230 230 230 231 230 229 228 226 223 222
 224 230 232 215 106 120 230 233 234 233 180  99 145 230 229 226
 226 231 234 210  26  56 231 235 234 235 157  22  90 231 231 227
 225 234 235 213  25  54 234 237 237 237 164  22  85 235 232 229
 229 235 235 218  28  52 235 238 237 238 169  21  83 233 232 232
 231 237 237 219  27  39 155 162 164 163 114  22  89 235 236 234
 232 237 238 222  26  22  22  22  22  22  22  21 105 237 236 234
 233 240 239 226  27  32 155 153 152 152 111  20 101 241 240 236
 235 241 241 229  26  46 239 242 241 241 180  23  98 239 239 236
 234 239 241 231  29  48 240 243 241 242 183  23  92 239 239 236
 235 240 241 216  30  46 239 243 243 242 187  24  92 237 237 239
 233 239 239 211  33  47 239 242 242 242 189  27  93 236 238 237
 230 234 235 229 205 210 238 241 240 240 226 184 209 236 237 236
  57  79  82 215 238 238 239 240 241 239 239 239 238 238 236 235
  22  22  22 207 236 237 238 238 238 237 238 235 236 235 233 232
  22  22  27 200 233 234 236 235 234 234 234 234 233 234 233 229
 225 224 227 226 225 226 227 229 228 229 228 229 227 227 226 225
 226 227 228 213  82 103 225 231 231 231 170  74 127 228 228 227
 228 228 229 207  18  53 227 232 234 233 154  19  81 230 230 229
 230 231 231 211  18  49 228 234 235 234 163  18  78 232 231 231
 231 233 233 214  17  47 227 235 236 235 173  18  78 234 234 233
 235 234 234 217  17  36 151 155 158 156 112  19  85 236 236 234
 236 235 237 220  19  21  22  22  22  22  21  21 100 237 237 237
 236 236 238 225  20  32 155 153 151 147 110  19  98 239 240 238
 236 237 238 228  20  43 243 241 241 241 176  17  95 239 240 238
 235 238 239 228  22  46 244 243 242 242 179  17  91 240 239 238
 234 237 237 211  22  43 245 243 243 242 184  19  84 239 239 239
 232 235 237 204  25  41 242 241 241 241 187  21  87 239 238 238
 231 234 234 227 188 194 238 241 241 241 219 164 188 237 237 236
  43  67  70 214 235 236 237 238 239 239 238 237 237 237 234 234
  22  21  21 205 234 235 235 237 236 236 236 235 235 234 235 232
  22  22  24 201 232 232 232 232 232 233 232 232 232 231 231 229
 227 230 230 231 231 232 231 230 232 232 231 230 230 228 227 226
 228 233 233 211 106 126 236 234 233 234 182  99 141 230 231 229
 230 234 234 208  28  70 240 237 235 236 154  26  88 227 233 232
 232 238 238 213  27  70 239 239 240 238 157  27  86 232 235 234
 234 237 241 217  30  69 239 241 241 241 159  28  84 237 237 237
 234 241 243 215  28  50 167 165 172 166 105  27  87 238 239 239
 236 243 244 220  25  21  21  21  21  21  21  22 102 241 240 241
 237 245 244 219  23  44 157 167 169 175 132  25  99 240 242 243
 242 246 246 224  21  62 231 247 247 247 182  29  96 241 244 244
 244 246 246 227  23  65 234 249 246 247 186  32  92 241 245 243
 244 244 246 210  24  63 233 248 247 247 189  34  98 242 243 242
 244 242 245 205  27  61 233 246 247 247 189  33 102 240 243 243
 241 242 243 231 198 208 244 245 247 246 227 190 210 240 241 242
  74  93  93 228 243 243 243 246 245 246 243 242 241 240 241 240
  22  22  23 220 240 241 241 242 241 240 240 241 239 239 237 237
  22  22  38 212 238 238 238 239 237 237 238 238 238 237 237 236

 222 226 227 229 232 234 234 236 236 236 239 237 236 235 232 229
 223 229 231 232 232 236 236 240 239 239 237 238 237 236 233 233
 226 230 231 235 233 235 237 241 239 239 237 236 236 238 235 234
 228 145  90  85  83  89 105 101  98  92  92  93 209 238 236 233
 229  99  22  22  21  22  21  20  23  23  24  27 184 239 235 234
 230 180 157 164 169 114  22 111 180 183 187 189 226 239 238 234
 231 233 235 237 238 163  22 152 241 242 242 242 240 239 237 234
 230 234 234 237 237 164  22 152 241 241 243 242 240 241 238 234
 230 233 235 237 238 162  22 153 242 243 243 242 241 240 238 235
 230 230 231 234 235 155  22 155 239 240 239 239 238 239 238 236
 230 120  56  54  52  39  22  32  46  48  46  47 210 238 237 234
 228 106  26  25  28  27  26  27  26  29  30  33 205 238 236 233
 229 215 210 213 218 219 222 226 229 231 216 211 229 215 207 200
 228 232 234 235 235 237 238 239 241 241 241 239 235  82  22  27
 228 230 231 234 235 237 237 240 241 239 240 239 234  79  22  22
 222 224 226 225 229 231 232 233 235 234 235 233 230  57  22  22
 225 227 229 231 233 234 237 238 238 238 239 238 236 234 232 229
 226 228 230 231 234 236 237 240 240 239 239 238 237 234 235 231
 227 228 230 232 234 236 237 239 239 240 239 239 237 237 234 231
 227 127  81  78  78  85 100  98  95  91  84  87 188 237 235 232
 229  74  19  18  18  19  21  19  17  17  19  21 164 237 235 232
 228 170 154 163 173 112  21 110 176 179 184 187 219 238 236 232
 229 231 233 234 235 156  22 147 241 242 242 241 241 239 236 233
 228 231 234 235 236 158  22 151 241 242 243 241 241 239 236 232
 229 231 232 234 235 155  22 153 241 243 243 241 241 238 237 232
 227 225 227 228 227 151  22 155 243 244 245 242 238 237 235 232
 226 103  53  49  47  36  21  32  43  46  43  41 194 236 235 232
 225  82  18  18  17  17  19  20  20  22  22  25 188 235 234 232
 226 213 207 211 214 217 220 225 228 228 211 204 227 214 205 201
 227 228 229 231 233 234 237 238 238 239 237 237 234  70  21  24
 224 227 228 231 233 234 235 236 237 238 237 235 234  67  21  22
 225 226 228 230 231 235 236 236 236 235 234 232 231  43  22  22
 226 229 232 234 237 239 241 243 244 243 242 243 242 240 237 236
 227 231 233 235 237 239 240 242 244 245 243 243 241 241 237 237
 228 230 227 232 237 238 241 240 241 241 242 240 240 240 239 237
 230 141  88  86  84  87 102  99  96  92  98 102 210 241 239 238
 230  99  26  27  28  27  22  25  29  32  34  33 190 242 241 238
 231 182 154 157 159 105  21 132 182 186 189 189 227 243 240 238
 232 234 236 238 241 166  21 175 247 247 247 247 246 246 240 237
 232 233 235 240 241 172  21 169 247 246 247 247 247 245 241 237
 230 234 237 239 241 165  21 167 247 249 248 246 245 246 242 239
 231 236 240 239 239 167  21 157 231 234 233 233 244 243 241 238
 232 126  70  70  69  50  21  44  62  65  63  61 208 243 241 238
 231 106  28  27  30  28  25  23  21  23  24  27 198 243 240 238
 231 211 208 213 217 215 220 219 224 227 210 205 231 228 220 212
 230 233 234 238 241 243 244 244 246 246 246 245 243  93  23  38
 230 233 234 238 237 241 243 245 246 246 244 242 242  93  22  22
 227 228 230 232 234 234 236 237 242 244 244 244 241  74  22  22

 229 233 234 233 234 234 234 234 235 236 234 233 200  27  22  22
 232 233 235 236 235 238 237 238 238 238 237 236 207  22  22  22
 235 236 238 238 239 239 239 241 240 239 238 238 215  82  79  57
 236 237 236 209 184 226 240 240 241 238 210 205 229 235 234 230
 237 238 236  93  27 189 242 242 242 239  47  33 211 239 239 233
 239 237 237  92  24 187 242 243 243 239  46  30 216 241 240 235
 236 239 239  92  23 183 242 241 243 240  48  29 231 241 239 234
 236 239 239  98  23 180 241 241 242 239  46  26 229 241 241 235
 236 240 241 101  20 111 152 152 153 155  32  27 226 239 240 233
 234 236 237 105  21  22  22  22  22  22  22  26 222 238 237 232
 234 236 235  89  22 114 163 164 162 155  39  27 219 237 237 231
 232 232 233  83  21 169 238 237 238 235  52  28 218 235 235 229
 229 232 235  85  22 164 237 237 237 234  54  25 213 235 234 225
 227 231 231  90  22 157 235 234 235 231  56  26 210 234 231 226
 226 229 230 145  99 180 233 234 233 230 120 106 215 232 230 224
 222 223 226 228 229 230 231 230 230 230 230 228 229 228 228 222
 229 231 231 232 232 232 233 232 232 232 232 232 201  24  22  22
 232 235 234 235 235 236 236 236 237 235 235 234 205  21  21  22
 234 234 237 237 237 238 239 239 238 237 236 235 214  70  67  43
 236 237 237 188 164 219 241 241 241 238 194 188 227 234 234 231
 238 238 239  87  21 187 241 241 241 242  41  25 204 237 235 232
 239 239 239  84  19 184 242 243 243 245  43  22 211 237 237 234
 238 239 240  91  17 179 242 242 243 244  46  22 228 239 238 235
 238 240 239  95  17 176 241 241 241 243  43  20 228 238 237 236
 238 240 239  98  19 110 147 151 153 155  32  20 225 238 236 236
 237 237 237 100  21  21  22  22  22  22  21  19 220 237 235 236
 234 236 236  85  19 112 156 158 155 151  36  17 217 234 234 235
 233 234 234  78  18 173 235 236 235 227  47  17 214 233 233 231
 231 231 232  78  18 163 234 235 234 228  49  18 211 231 231 230
 229 230 230  81  19 154 233 234 232 227  53  18 207 229 228 228
 227 228 228 127  74 170 231 231 231 225 103  82 213 228 227 226
 225 226 227 227 229 228 229 228 229 227 226 225 226 227 224 225
 236 237 237 238 238 238 237 237 239 238 238 238 212  38  22  22
 237 237 239 239 241 240 240 241 242 241 241 240 220  23  22  22
 240 241 240 241 242 243 246 245 246 243 243 243 228  93  93  74
 242 241 240 210 190 227 246 247 245 244 208 198 231 243 242 241
 243 243 240 102  33 189 247 247 246 233  61  27 205 245 242 244
 242 243 242  98  34 189 247 247 248 233  63  24 210 246 244 244
 243 245 241  92  32 186 247 246 249 234  65  23 227 246 246 244
 244 244 241  96  29 182 247 247 247 231  62  21 224 246 246 242
 243 242 240  99  25 132 175 169 167 157  44  23 219 244 245 237
 241 240 241 102  22  21  21  21  21  21  21  25 220 244 243 236
 239 239 238  87  27 105 166 172 165 167  50  28 215 243 241 234
 237 237 237  84  28 159 241 241 241 239  69  30 217 241 237 234
 234 235 232  86  27 157 238 240 239 239  70  27 213 238 238 232
 232 233 227  88  26 154 236 235 237 240  70  28 208 234 234 230
 229 231 230 141  99 182 234 233 234 236 126 106 211 233 233 228
 226 227 228 230 230 231 232 232 230 231 232 231 231 230 230 227

  22  22  57 230 233 235 234 235 233 232 231 229 225 226 224 222
  22  22  79 234 239 240 239 241 240 237 237 235 234 231 230 228
  27  22  82 235 239 241 241 241 239 238 237 235 235 234 232 228
 200 207 215 229 211 216 231 229 226 222 219 218 213 210 215 229
 233 236 238 205  33  30  29  26  27  26  27  28  25  26 106 228
 234 237 238 210  47  46  48  46  32  22  39  52  54  56 120 230
 236 238 239 238 239 239 240 239 155  22 155 235 234 231 230 230
 235 238 240 241 242 243 243 242 153  22 162 238 237 235 233 230
 234 238 241 240 242 243 241 241 152  22 164 237 237 234 234 230
 234 237 239 240 242 242 242 241 152  22 163 238 237 235 233 231
 234 238 239 226 189 187 183 180 111  22 114 169 164 157 180 230
 234 235 239 184  27  24  23  23  20  21  22  21  22  22  99 229
 233 236 238 209  93  92  92  98 101 105  89  83  85  90 145 228
 234 235 238 236 236 237 239 239 241 237 235 233 235 231 230 226
 233 233 236 237 238 237 239 239 240 236 236 232 232 231 229 223
 229 232 235 236 237 239 236 236 236 234 234 232 229 227 226 222
  22  22  43 231 232 234 235 236 236 236 235 231 230 228 226 225
  22  21  67 234 235 237 238 237 236 235 234 233 231 228 227 224
  24  21  70 234 237 237 239 238 238 237 234 233 231 229 228 227
 201 205 214 227 204 211 228 228 225 220 217 214 211 207 213 226
 232 234 235 188  25  22  22  20  20  19  17  17  18  18  82 225
 232 235 236 194  41  43  46  43  32  21  36  47  49  53 103 226
 232 235 237 238 242 245 244 243 155  22 151 227 228 227 225 227
 232 237 238 241 241 243 243 241 153  22 155 235 234 232 231 229
 232 236 239 241 241 243 242 241 151  22 158 236 235 234 231 228
 233 236 239 241 241 242 242 241 147  22 156 235 234 233 231 229
 232 236 238 219 187 184 179 176 110  21 112 173 163 154 170 228
 232 235 237 164  21  19  17  17  19  21  19  18  18  19  74 229
 232 235 237 188  87  84  91  95  98 100  85  78  78  81 127 227
 231 234 237 237 239 239 240 239 239 237 236 234 232 230 228 227
 231 235 234 237 238 239 239 240 240 237 236 234 231 230 228 226
 229 232 234 236 238 239 238 238 238 237 234 233 231 229 227 225
  22  22  74 241 244 244 244 242 237 236 234 234 232 230 228 227
  22  22  93 242 242 244 246 246 245 243 241 237 238 234 233 230
  38  23  93 243 245 246 246 246 244 244 243 241 238 234 233 230
 212 220 228 231 205 210 227 224 219 220 215 217 213 208 211 231
 238 240 243 198  27  24  23  21  23  25  28  30  27  28 106 231
 238 241 243 208  61  63  65  62  44  21  50  69  70  70 126 232
 238 241 243 244 233 233 234 231 157  21 167 239 239 240 236 231
 239 242 246 245 246 248 249 247 167  21 165 241 239 237 234 230
 237 241 245 247 247 247 246 247 169  21 172 241 240 235 233 232
 237 240 246 246 247 247 247 247 175  21 166 241 238 236 234 232
 238 240 243 227 189 189 186 182 132  21 105 159 157 154 182 231
 238 241 242 190  33  34  32  29  25  22  27  28  27  26  99 230
 238 239 241 210 102  98  92  96  99 102  87  84  86  88 141 230
 237 239 240 240 240 242 241 241 240 241 238 237 232 227 230 228
 237 237 241 241 243 243 245 244 242 240 239 237 235 233 231 227
 236 237 240 242 243 242 243 244 243 241 239 237 234 232 229 226

