 233 236 239 239 239 240 239 241 241 240 239 238 238 236 235 234
 236 239 240 186  99 156 241 243 242 224 107 109 167 240 239 235
 238 242 243 168  23 102 244 243 223  64  22  94 233 241 240 239
 241 243 244 187  23  90 243 230  65  22  94 234 242 243 242 240
 243 244 245 185  22  90 236  65  21  94 237 246 244 245 243 242
 243 245 245 184  23  72  66  21  88 240 245 244 244 245 245 244
 245 245 246 183  23  21  21  20  75 240 244 243 244 243 243 243
 244 245 245 182  23  22  97  67  21 123 244 244 244 244 243 243
 245 245 244 181  23  74 238 206  38  28 176 243 244 244 245 244
 245 244 244 180  22  95 243 242 163  24  45 223 243 244 243 244
 246 245 245 179  25  98 243 244 241  93  24  83 240 243 243 244
 245 245 244 181  28  98 243 244 244 230  54  26 141 244 244 244
 245 246 245 231 196 213 244 244 244 245 213 195 203 243 244 244
 243 245 245 246 246 245 177  86  89 105 244 245 245 245 244 243
 242 243 244 245 245 246 149  22  21  46 243 245 244 244 244 242
 239 243 244 244 243 243 150  21  22  45 240 242 243 243 241 240
 230 231 231 233 232 234 234 235 235 234 235 233 234 233 232 230
 232 234 235 176  84 146 237 237 237 220  94  97 150 236 234 233
 233 235 236 154  19 102 239 240 219  57  21  89 229 238 237 237
 237 237 238 177  18  90 240 227  56  20  89 231 240 240 240 238
 238 240 240 177  18  91 232  55  22  87 234 242 243 243 241 240
 239 242 243 178  19  76  54  21  85 239 245 246 246 245 243 242
 240 243 244 177  19  21  21  21  72 239 247 247 247 247 246 245
 241 244 245 177  19  21  96  65  20 119 246 248 248 248 247 246
 243 246 246 176  19  72 239 203  34  27 174 249 248 248 247 246
 244 246 247 175  20  95 249 248 160  23  42 222 248 248 248 247
 242 245 245 173  21  97 249 249 245  88  22  75 244 247 247 246
 242 244 246 175  23  95 249 248 248 231  50  24 135 246 246 245
 241 242 244 228 193 204 246 247 247 246 209 184 191 241 245 244
 239 242 242 244 245 244 173  83  84  97 241 243 244 244 243 242
 237 239 240 241 242 243 140  19  21  42 238 242 243 242 241 239
 234 236 238 238 239 239 141  19  21  42 236 239 239 238 238 237
 234 238 236 237 236 237 237 235 239 239 237 236 236 235 235 233
 237 238 240 171  93 153 239 240 241 217  95  84 155 234 238 236
 240 240 241 151  24 109 241 243 218  61  21 100 229 241 240 238
 241 244 244 172  26  99 243 225  62  23  96 233 243 243 243 241
 244 246 247 171  26 100 234  64  20 102 238 246 245 245 245 243
 246 248 248 174  25  78  67  20  99 240 248 248 247 247 247 243
 247 249 249 171  25  22  22  21  90 238 248 248 249 248 247 247
 247 249 248 171  25  23 105  71  23 131 245 249 249 249 248 248
 248 250 249 175  25  83 237 203  47  36 183 248 249 249 249 248
 248 249 249 179  25 109 243 248 161  26  55 221 248 249 247 248
 249 250 249 175  29 110 243 248 244 106  24 100 239 248 248 248
 249 250 248 182  30 114 243 249 249 225  63  31 153 245 248 247
 249 249 249 233 195 219 247 249 248 247 214 195 203 242 248 247
 247 247 249 249 249 248 180  89  86 103 244 248 248 247 247 245
 245 247 249 250 248 248 152  29  22  54 243 246 245 245 246 244
 241 244 246 247 246 245 150  27  22  55 237 244 244 244 243 242

 234 235 239 240 242 244 243 243 244 244 244 244 244 243 242 240
 235 239 240 242 243 245 243 243 245 243 243 244 244 244 244 241
 236 240 241 243 245 245 243 244 244 244 243 244 243 245 244 243
 238 167 233 242 244 244 244 244 244 243 240 141 203 245 244 243
 238 109  94 234 246 244 243 244 243 223  83  26 195 245 245 242
 239 107  22  94 237 245 244 244 176  45  24  54 213 244 243 240
 240 224  64  22  94 240 240 123  28  24  93 230 245 105  46  45
 241 242 223  65  21  88  75  21  38 163 241 244 244  89  21  22
 241 243 243 230  65  21  20  67 206 242 244 244 244  86  22  21
 239 241 244 243 236  66  21  97 238 243 243 243 244 177 149 150
 240 156 102  90  90  72  21  22  74  95  98  98 213 245 246 243
 239  99  23  23  22  23  23  23  23  22  25  28 196 246 245 243
 239 186 168 187 185 184 183 182 181 180 179 181 231 246 245 244
 239 240 243 244 245 245 246 245 244 244 245 244 245 245 244 244
 236 239 242 243 244 245 245 245 245 244 245 245 246 245 243 243
 233 236 238 241 243 243 245 244 245 245 246 245 245 243 242 239
 230 233 237 238 240 242 245 246 246 247 246 245 244 242 239 237
 232 234 237 240 241 243 246 247 247 248 247 246 245 243 241 238
 233 236 238 240 243 245 247 248 248 248 247 246 241 244 242 238
 234 150 229 240 243 246 247 248 248 248 244 135 191 244 243 239
 233  97  89 231 242 246 247 248 249 222  75  24 184 243 242 239
 235  94  21  89 234 245 247 246 174  42  22  50 209 241 238 236
 234 220  57  20  87 239 239 119  27  23  88 231 246  97  42  42
 235 237 219  56  22  85  72  20  34 160 245 248 247  84  21  21
 235 237 240 227  55  21  21  65 203 248 249 248 247  83  19  19
 234 237 239 240 232  54  21  96 239 249 249 249 246 173 140 141
 234 146 102  90  91  76  21  21  72  95  97  95 204 244 243 239
 232  84  19  18  18  19  19  19  19  20  21  23 193 245 242 239
 233 176 154 177 177 178 177 177 176 175 173 175 228 244 241 238
 231 235 236 238 240 243 244 245 246 247 245 246 244 242 240 238
 231 234 235 237 240 242 243 244 246 246 245 244 242 242 239 236
 230 232 233 237 238 239 240 241 243 244 242 242 241 239 237 234
 233 236 238 241 243 243 247 248 248 248 248 247 247 245 244 242
 235 238 240 243 245 247 247 248 249 247 248 248 248 247 246 243
 235 234 241 243 245 247 248 249 249 249 248 245 242 247 245 244
 236 155 229 243 245 247 249 249 249 248 239 153 203 248 245 244
 236  84 100 233 246 248 248 249 248 221 100  31 195 248 246 244
 237  95  21  96 238 248 248 245 183  55  24  63 214 244 243 237
 239 217  61  23 102 240 238 131  36  26 106 225 247 103  54  55
 239 241 218  62  20  99  90  23  47 161 244 249 248  86  22  22
 235 240 243 225  64  20  21  71 203 248 248 249 249  89  29  27
 237 239 241 243 234  67  22 105 237 243 243 243 247 180 152 150
 237 153 109  99 100  78  22  23  83 109 110 114 219 248 248 245
 236  93  24  26  26  25  25  25  25  25  29  30 195 249 248 246
 237 171 151 172 171 174 171 171 175 179 175 182 233 249 250 247
 236 240 241 244 247 248 249 248 249 249 249 248 249 249 249 246
 238 238 240 244 246 248 249 249 250 249 250 250 249 247 247 244
 234 237 240 241 244 246 247 247 248 248 249 249 249 247 245 241

 240 241 243 243 242 240  45  22  21 150 243 243 244 244 243 239
 242 244 244 244 245 243  46  21  22 149 246 245 245 244 243 242
 243 244 245 245 245 244 105  89  86 177 245 246 246 245 245 243
 244 244 243 203 195 213 245 244 244 244 213 196 231 245 246 245
 244 244 244 141  26  54 230 244 244 243  98  28 181 244 245 245
 244 243 243 240  83  24  93 241 244 243  98  25 179 245 245 246
 244 243 244 243 223  45  24 163 242 243  95  22 180 244 244 245
 244 245 244 244 243 176  28  38 206 238  74  23 181 244 245 245
 243 243 244 244 244 244 123  21  67  97  22  23 182 245 245 244
 243 243 243 244 243 244 240  75  20  21  21  23 183 246 245 245
 244 245 245 244 244 245 240  88  21  66  72  23 184 245 245 243
 242 243 245 244 246 237  94  21  65 236  90  22 185 245 244 243
 240 242 243 242 234  94  22  65 230 243  90  23 187 244 243 241
 239 240 241 233  94  22  64 223 243 244 102  23 168 243 242 238
 235 239 240 167 109 107 224 242 243 241 156  99 186 240 239 236
 234 235 236 238 238 239 240 241 241 239 240 239 239 239 236 233
 237 238 238 239 239 236  42  21  19 141 239 239 238 238 236 234
 239 241 242 243 242 238  42  21  19 140 243 242 241 240 239 237
 242 243 244 244 243 241  97  84  83 173 244 245 244 242 242 239
 244 245 241 191 184 209 246 247 247 246 204 193 228 244 242 241
 245 246 246 135  24  50 231 248 248 249  95  23 175 246 244 242
 246 247 247 244  75  22  88 245 249 249  97  21 173 245 245 242
 247 248 248 248 222  42  23 160 248 249  95  20 175 247 246 244
 246 247 248 248 249 174  27  34 203 239  72  19 176 246 246 243
 246 247 248 248 248 246 119  20  65  96  21  19 177 245 244 241
 245 246 247 247 247 247 239  72  21  21  21  19 177 244 243 240
 242 243 245 246 246 245 239  85  21  54  76  19 178 243 242 239
 240 241 243 243 242 234  87  22  55 232  91  18 177 240 240 238
 238 240 240 240 231  89  20  56 227 240  90  18 177 238 237 237
 237 237 238 229  89  21  57 219 240 239 102  19 154 236 235 233
 233 234 236 150  97  94 220 237 237 237 146  84 176 235 234 232
 230 232 233 234 233 235 234 235 235 234 234 232 233 231 231 230
 242 243 244 244 244 237  55  22  27 150 245 246 247 246 244 241
 244 246 245 245 246 243  54  22  29 152 248 248 250 249 247 245
 245 247 247 248 248 244 103  86  89 180 248 249 249 249 247 247
 247 248 242 203 195 214 247 248 249 247 219 195 233 249 249 249
 247 248 245 153  31  63 225 249 249 243 114  30 182 248 250 249
 248 248 248 239 100  24 106 244 248 243 110  29 175 249 250 249
 248 247 249 248 221  55  26 161 248 243 109  25 179 249 249 248
 248 249 249 249 248 183  36  47 203 237  83  25 175 249 250 248
 248 248 249 249 249 245 131  23  71 105  23  25 171 248 249 247
 247 247 248 249 248 248 238  90  21  22  22  25 171 249 249 247
 243 247 247 247 248 248 240  99  20  67  78  25 174 248 248 246
 243 245 245 245 246 238 102  20  64 234 100  26 171 247 246 244
 241 243 243 243 233  96  23  62 225 243  99  26 172 244 244 241
 238 240 241 229 100  21  61 218 243 241 109  24 151 241 240 240
 236 238 234 155  84  95 217 241 240 239 153  93 171 240 238 237
 233 235 235 236 236 237 239 239 235 237 237 236 237 236 238 234

 239 242 243 245 245 246 245 245 244 245 243 243 241 238 236 233
 243 243 245 246 245 245 244 245 245 245 245 244 243 242 239 236
 244 244 245 245 244 245 244 244 245 246 245 245 244 243 240 239
 244 245 246 231 181 179 180 181 182 183 184 185 187 168 186 239
 243 245 246 196  28  25  22  23  23  23  23  22  23  23  99 239
 243 246 245 213  98  98  95  74  22  21  72  90  90 102 156 240
 150 149 177 244 243 243 243 238  97  21  66 236 243 244 241 239
  21  22  86 244 244 244 242 206  67  20  21  65 230 243 243 241
  22  21  89 244 244 241 163  38  21  75  88  21  65 223 242 241
  45  46 105 245 230  93  24  28 123 240 240  94  22  64 224 240
 240 243 244 213  54  24  45 176 244 244 245 237  94  22 107 239
 242 245 245 195  26  83 223 243 244 243 244 246 234  94 109 238
 243 244 245 203 141 240 243 244 244 244 244 244 242 233 167 238
 243 244 245 243 244 243 244 244 244 243 245 245 243 241 240 236
 241 244 244 244 244 243 243 245 243 243 245 243 242 240 239 235
 240 242 243 244 244 244 244 244 243 243 244 242 240 239 235 234
 234 237 239 241 242 242 244 243 241 240 239 238 237 233 232 230
 236 239 242 242 244 245 246 246 244 243 242 240 237 235 234 231
 238 240 242 244 246 245 247 246 245 244 243 240 238 236 235 231
 238 241 244 228 175 173 175 176 177 177 178 177 177 154 176 233
 239 242 245 193  23  21  20  19  19  19  19  18  18  19  84 232
 239 243 244 204  95  97  95  72  21  21  76  91  90 102 146 234
 141 140 173 246 249 249 249 239  96  21  54 232 240 239 237 234
  19  19  83 247 248 249 248 203  65  21  21  55 227 240 237 235
  21  21  84 247 248 245 160  34  20  72  85  22  56 219 237 235
  42  42  97 246 231  88  23  27 119 239 239  87  20  57 220 234
 236 238 241 209  50  22  42 174 246 247 245 234  89  21  94 235
 239 242 243 184  24  75 222 249 248 247 246 242 231  89  97 233
 239 243 244 191 135 244 248 248 248 247 246 243 240 229 150 234
 238 242 244 241 246 247 248 248 248 247 245 243 240 238 236 233
 238 241 243 245 246 247 248 247 247 246 243 241 240 237 234 232
 237 239 242 244 245 246 247 246 246 245 242 240 238 237 233 230
 241 245 247 249 249 249 248 248 247 247 246 244 241 240 237 234
 244 247 247 249 250 250 249 250 249 249 248 246 244 240 238 238
 246 249 249 249 248 249 249 249 248 249 248 247 244 241 240 236
 247 250 249 233 182 175 179 175 171 171 174 171 172 151 171 237
 246 248 249 195  30  29  25  25  25  25  25  26  26  24  93 236
 245 248 248 219 114 110 109  83  23  22  78 100  99 109 153 237
 150 152 180 247 243 243 243 237 105  22  67 234 243 241 239 237
  27  29  89 249 249 248 248 203  71  21  20  64 225 243 240 235
  22  22  86 248 249 244 161  47  23  90  99  20  62 218 241 239
  55  54 103 247 225 106  26  36 131 238 240 102  23  61 217 239
 237 243 244 214  63  24  55 183 245 248 248 238  96  21  95 237
 244 246 248 195  31 100 221 248 249 248 248 246 233 100  84 236
 244 245 248 203 153 239 248 249 249 249 247 245 243 229 155 236
 244 245 247 242 245 248 249 249 249 248 247 245 243 241 234 235
 243 246 247 248 248 248 247 249 248 247 247 245 243 240 238 235
 242 244 245 247 247 248 248 248 248 247 243 243 241 238 236 233

