 242 244 244 245 245 245 245 244 245 244 244 244 245 244 244 243
 243 245 246 200 133 175 245 245 244 236 144 141 179 243 245 244
 246 246 245 167  22 109 244 244 240  96  22  65 227 243 244 244
 247 245 244 165  21 104 244 237  90  22  68 227 242 243 243 243
 248 243 243 165  21 103 238  95  22  74 233 242 242 242 242 242
 245 244 243 161  22  94  98  21  80 230 242 242 242 242 242 242
 244 244 242 164  23  21  21  22 106 241 242 242 242 242 242 242
 245 242 242 168  21  22  83  43  25 156 243 242 242 242 242 242
 245 241 241 165  22  71 236 187  25  30 200 242 241 241 241 241
 244 242 242 165  24 102 243 241 130  24  64 225 243 242 242 242
 244 242 242 168  25 103 243 242 234  79  26 114 242 242 242 242
 244 241 241 167  30 105 243 242 242 221  41  27 163 241 241 241
 245 244 242 207 157 188 243 242 242 242 193 162 178 246 242 242
 246 243 242 242 227 127 120 119 117 125 128 164 244 242 242 242
 244 244 243 243 215  28  22  22  22  21  20  99 245 241 242 243
 243 246 245 244 216  29  22  22  22  22  21  98 247 244 243 244
 239 239 241 241 242 244 244 245 246 246 246 246 246 245 245 244
 242 241 244 193 124 168 247 246 248 239 136 138 173 245 247 245
 243 244 245 149  23 107 249 248 246  85  20  60 227 249 249 248
 245 246 246 151  23 102 250 241  81  19  66 230 250 249 249 249
 247 248 248 153  22 102 243  83  20  72 234 249 250 250 250 250
 248 248 249 154  23  95  90  21  77 233 249 250 250 250 250 250
 249 249 250 155  21  21  21  22 107 246 250 250 250 250 250 250
 250 250 250 155  22  21  82  39  25 158 248 250 250 250 250 250
 250 250 250 155  23  67 237 183  22  31 204 250 250 250 250 250
 250 250 250 158  21 102 250 249 124  22  63 230 249 250 250 250
 250 250 250 159  24 101 250 250 236  74  24 110 249 250 250 250
 250 250 250 161  23 103 250 250 250 222  33  28 164 250 250 250
 249 249 250 209 143 181 249 250 250 249 185 148 161 247 250 250
 247 248 249 249 233 115 113 115 114 121 123 159 250 249 250 249
 246 247 248 249 219  18  21  21  21  21  22  92 251 250 249 249
 243 243 245 246 218  16  22  22  22  22  22  92 250 249 248 248
 241 245 245 248 248 247 248 245 245 245 244 244 243 244 243 241
 245 247 249 195 130 179 245 249 248 236 140 147 183 246 248 248
 246 249 248 153  20 124 244 249 243  89  22  76 231 247 248 249
 246 249 249 152  19 121 244 239  83  21  78 232 248 249 249 248
 247 249 249 150  19 120 236  84  23  79 240 249 249 249 249 249
 248 249 249 152  19 106  86  22  92 235 248 249 249 249 249 249
 247 249 249 152  21  24  22  22 119 244 248 249 249 249 249 249
 247 249 249 153  22  22  86  46  33 172 250 249 249 249 249 249
 246 249 249 157  19  84 237 179  30  43 212 247 249 249 249 249
 245 249 249 156  23 122 247 247 129  25  77 233 248 249 249 249
 246 249 249 158  24 121 246 249 232  80  21 134 245 249 249 249
 246 249 249 161  31 123 246 249 248 218  42  26 179 248 249 249
 246 249 249 208 154 195 248 249 249 248 185 148 170 245 249 249
 246 249 249 249 229 141 134 131 130 139 141 182 246 249 249 249
 246 249 249 249 215  34  22  22  22  22  20 126 242 249 249 249
 244 250 249 250 213  31  22  22  22  22  20 124 242 247 249 249

 243 244 244 243 242 242 242 242 241 242 242 241 242 242 243 244
 244 245 244 243 242 242 242 242 241 242 242 241 242 242 242 243
 244 243 243 243 242 242 242 242 241 242 242 241 246 242 241 244
 245 179 227 242 242 242 242 242 241 243 242 163 178 244 245 247
 244 141  65 227 242 242 242 242 242 225 114  27 162 164  99  98
 244 144  22  68 233 242 242 243 200  64  26  41 193 128  20  21
 244 236  96  22  74 230 241 156  30  24  79 221 242 125  21  22
 245 244 240  90  22  80 106  25  25 130 234 242 242 117  22  22
 244 245 244 237  95  21  22  43 187 241 242 242 242 119  22  22
 245 245 244 244 238  98  21  83 236 243 243 243 243 120  22  22
 245 175 109 104 103  94  21  22  71 102 103 105 188 127  28  29
 245 133  22  21  21  22  23  21  22  24  25  30 157 227 215 216
 245 200 167 165 165 161 164 168 165 165 168 167 207 242 243 244
 244 246 245 244 243 243 242 242 241 242 242 241 242 242 243 245
 244 245 246 245 243 244 244 242 241 242 242 241 244 243 244 246
 242 243 246 247 248 245 244 245 245 244 244 244 245 246 244 243
 244 245 248 249 250 250 250 250 250 250 250 250 250 249 249 248
 245 247 249 249 250 250 250 250 250 250 250 250 250 250 249 248
 245 245 249 249 250 250 250 250 250 250 250 250 247 249 250 249
 246 173 227 250 250 250 250 250 250 249 249 164 161 250 251 250
 246 138  60 230 249 250 250 250 250 230 110  28 148 159  92  92
 246 136  20  66 234 249 250 248 204  63  24  33 185 123  22  22
 246 239  85  19  72 233 246 158  31  22  74 222 249 121  21  22
 246 248 246  81  20  77 107  25  22 124 236 250 250 114  21  22
 245 246 248 241  83  21  22  39 183 249 250 250 250 115  21  22
 244 247 249 250 243  90  21  82 237 250 250 250 249 113  21  22
 244 168 107 102 102  95  21  21  67 102 101 103 181 115  18  16
 242 124  23  23  22  23  21  22  23  21  24  23 143 233 219 218
 241 193 149 151 153 154 155 155 155 158 159 161 209 249 249 246
 241 244 245 246 248 249 250 250 250 250 250 250 250 249 248 245
 239 241 244 246 248 248 249 250 250 250 250 250 249 248 247 243
 239 242 243 245 247 248 249 250 250 250 250 250 249 247 246 243
 241 248 249 248 249 249 249 249 249 249 249 249 249 249 249 249
 243 248 248 249 249 249 249 249 249 249 249 249 249 249 249 249
 244 246 247 249 249 249 249 249 249 249 249 248 245 249 249 247
 243 183 231 248 249 249 249 249 249 248 245 179 170 246 242 242
 244 147  76 232 249 249 249 249 247 233 134  26 148 182 126 124
 244 140  22  78 240 248 248 250 212  77  21  42 185 141  20  20
 245 236  89  21  79 235 244 172  43  25  80 218 248 139  22  22
 245 248 243  83  23  92 119  33  30 129 232 248 249 130  22  22
 245 249 249 239  84  22  22  46 179 247 249 249 249 131  22  22
 248 245 244 244 236  86  22  86 237 247 246 246 248 134  22  22
 247 179 124 121 120 106  24  22  84 122 121 123 195 141  34  31
 248 130  20  19  19  19  21  22  19  23  24  31 154 229 215 213
 248 195 153 152 150 152 152 153 157 156 158 161 208 249 249 250
 245 249 248 249 249 249 249 249 249 249 249 249 249 249 249 249
 245 247 249 249 249 249 249 249 249 249 249 249 249 249 249 250
 241 245 246 246 247 248 247 247 246 245 246 246 246 246 246 244

 244 243 244 247  98  21  22  22  22  22  29 216 244 245 246 243
 243 242 241 245  99  20  21  22  22  22  28 215 243 243 244 244
 242 242 242 244 164 128 125 117 119 120 127 227 242 242 243 246
 242 242 246 178 162 193 242 242 242 243 188 157 207 242 244 245
 241 241 241 163  27  41 221 242 242 243 105  30 167 241 241 244
 242 242 242 242 114  26  79 234 242 243 103  25 168 242 242 244
 242 242 242 243 225  64  24 130 241 243 102  24 165 242 242 244
 241 241 241 241 242 200  30  25 187 236  71  22 165 241 241 245
 242 242 242 242 242 243 156  25  43  83  22  21 168 242 242 245
 242 242 242 242 242 242 241 106  22  21  21  23 164 242 244 244
 242 242 242 242 242 242 230  80  21  98  94  22 161 243 244 245
 242 242 242 242 242 233  74  22  95 238 103  21 165 243 243 248
 243 243 243 242 227  68  22  90 237 244 104  21 165 244 245 247
 244 244 243 227  65  22  96 240 244 244 109  22 167 245 246 246
 244 245 243 179 141 144 236 244 245 245 175 133 200 246 245 243
 243 244 244 245 244 244 244 245 244 245 245 245 245 244 244 242
 248 248 249 250  92  22  22  22  22  22  16 218 246 245 243 243
 249 249 250 251  92  22  21  21  21  21  18 219 249 248 247 246
 249 250 249 250 159 123 121 114 115 113 115 233 249 249 248 247
 250 250 247 161 148 185 249 250 250 249 181 143 209 250 249 249
 250 250 250 164  28  33 222 250 250 250 103  23 161 250 250 250
 250 250 250 249 110  24  74 236 250 250 101  24 159 250 250 250
 250 250 250 249 230  63  22 124 249 250 102  21 158 250 250 250
 250 250 250 250 250 204  31  22 183 237  67  23 155 250 250 250
 250 250 250 250 250 248 158  25  39  82  21  22 155 250 250 250
 250 250 250 250 250 250 246 107  22  21  21  21 155 250 249 249
 250 250 250 250 250 249 233  77  21  90  95  23 154 249 248 248
 250 250 250 250 249 234  72  20  83 243 102  22 153 248 248 247
 249 249 249 250 230  66  19  81 241 250 102  23 151 246 246 245
 248 249 249 227  60  20  85 246 248 249 107  23 149 245 244 243
 245 247 245 173 138 136 239 248 246 247 168 124 193 244 241 242
 244 245 245 246 246 246 246 246 245 244 244 242 241 241 239 239
 249 249 247 242 124  20  22  22  22  22  31 213 250 249 250 244
 249 249 249 242 126  20  22  22  22  22  34 215 249 249 249 246
 249 249 249 246 182 141 139 130 131 134 141 229 249 249 249 246
 249 249 245 170 148 185 248 249 249 248 195 154 208 249 249 246
 249 249 248 179  26  42 218 248 249 246 123  31 161 249 249 246
 249 249 249 245 134  21  80 232 249 246 121  24 158 249 249 246
 249 249 249 248 233  77  25 129 247 247 122  23 156 249 249 245
 249 249 249 249 247 212  43  30 179 237  84  19 157 249 249 246
 249 249 249 249 249 250 172  33  46  86  22  22 153 249 249 247
 249 249 249 249 249 248 244 119  22  22  24  21 152 249 249 247
 249 249 249 249 249 248 235  92  22  86 106  19 152 249 249 248
 249 249 249 249 249 240  79  23  84 236 120  19 150 249 249 247
 248 249 249 248 232  78  21  83 239 244 121  19 152 249 249 246
 249 248 247 231  76  22  89 243 249 244 124  20 153 248 249 246
 248 248 246 183 147 140 236 248 249 245 179 130 195 249 247 245
 241 243 244 243 244 244 245 245 245 248 247 248 248 245 245 241

 243 244 246 245 244 244 244 245 245 244 245 248 247 246 243 242
 246 244 243 244 241 242 242 241 242 244 244 243 245 246 245 244
 245 243 242 242 241 242 242 241 242 242 243 243 244 245 246 244
 244 243 242 207 167 168 165 165 168 164 161 165 165 167 200 245
 216 215 227 157  30  25  24  22  21  23  22  21  21  22 133 245
  29  28 127 188 105 103 102  71  22  21  94 103 104 109 175 245
  22  22 120 243 243 243 243 236  83  21  98 238 244 244 245 245
  22  22 119 242 242 242 241 187  43  22  21  95 237 244 245 244
  22  22 117 242 242 234 130  25  25 106  80  22  90 240 244 245
  22  21 125 242 221  79  24  30 156 241 230  74  22  96 236 244
  21  20 128 193  41  26  64 200 243 242 242 233  68  22 144 244
  98  99 164 162  27 114 225 242 242 242 242 242 227  65 141 244
 247 245 244 178 163 242 243 241 242 242 242 242 242 227 179 245
 244 241 242 246 241 242 242 241 242 242 242 242 243 243 243 244
 243 242 242 242 241 242 242 241 242 242 242 242 243 244 245 244
 244 243 242 242 241 242 242 241 242 242 242 242 243 244 244 243
 243 246 247 249 250 250 250 250 250 249 248 247 245 243 242 239
 243 247 248 249 250 250 250 250 250 249 248 248 246 244 241 239
 245 248 249 250 250 250 250 250 250 250 249 248 246 245 244 241
 246 249 249 209 161 159 158 155 155 155 154 153 151 149 193 241
 218 219 233 143  23  24  21  23  22  21  23  22  23  23 124 242
  16  18 115 181 103 101 102  67  21  21  95 102 102 107 168 244
  22  21 113 249 250 250 250 237  82  21  90 243 250 249 247 244
  22  21 115 250 250 250 249 183  39  22  21  83 241 248 246 245
  22  21 114 250 250 236 124  22  25 107  77  20  81 246 248 246
  22  21 121 249 222  74  22  31 158 246 233  72  19  85 239 246
  22  22 123 185  33  24  63 204 248 250 249 234  66  20 136 246
  92  92 159 148  28 110 230 250 250 250 250 249 230  60 138 246
 250 251 250 161 164 249 249 250 250 250 250 250 250 227 173 246
 249 250 249 247 250 250 250 250 250 250 250 250 249 249 245 245
 248 249 250 250 250 250 250 250 250 250 250 250 249 249 247 245
 248 249 249 250 250 250 250 250 250 250 250 250 249 248 245 244
 244 246 246 246 246 246 245 246 247 247 248 247 246 246 245 241
 250 249 249 249 249 249 249 249 249 249 249 249 249 249 247 245
 249 249 249 249 249 249 249 249 249 249 249 249 249 248 249 245
 250 249 249 208 161 158 156 157 153 152 152 150 152 153 195 248
 213 215 229 154  31  24  23  19  22  21  19  19  19  20 130 248
  31  34 141 195 123 121 122  84  22  24 106 120 121 124 179 247
  22  22 134 248 246 246 247 237  86  22  86 236 244 244 245 248
  22  22 131 249 249 249 247 179  46  22  22  84 239 249 249 245
  22  22 130 249 248 232 129  30  33 119  92  23  83 243 248 245
  22  22 139 248 218  80  25  43 172 244 235  79  21  89 236 245
  20  20 141 185  42  21  77 212 250 248 248 240  78  22 140 244
 124 126 182 148  26 134 233 247 249 249 249 249 232  76 147 244
 242 242 246 170 179 245 248 249 249 249 249 249 248 231 183 243
 247 249 249 245 248 249 249 249 249 249 249 249 249 247 246 244
 249 249 249 249 249 249 249 249 249 249 249 249 249 248 248 243
 249 249 249 249 249 249 249 249 249 249 249 249 248 249 248 241

