 188 169 167 168 172 176 184 194 194 194 194 194 193 192 190 188
 188  61  24  25  26  26  23  54 134 196 196 197 197 195 194 192
 191  55  22  66  76  77  59  22  23 145 199 198 198 197 196 196
 192  53  22 166 197 198 197 104  20  91 200 200 201 200 198 197
 195  58  21 156 201 201 201 131  21  72 201 202 201 201 200 198
 197  59  21 135 175 181 164  50  22 112 204 204 148 110 202 199
 197  62  22  21  23  21  21  21  51 194 206  94  33  77 203 201
 199  63  21  69  81  80  89 138 196 207 208 154 112  80 207 204
 201  69  21 159 204 206 209 210 210 210 209 209 138  77 206 204
 200  69  22 161 209 208 210 211 212 210 211 210 135  80 207 206
 200  71  22 160 208 211 210 210 212 210 212 211 132  81 207 206
 201 108  74 172 209 210 211 212 212 211 209 210 148  95 208 206
 201 205 207 206 208 208 209 210 209 210 209 207 207 206 207 204
 202 205 206 208 207  84  81  83  90  94  75 100 207 209 206 204
 201 204 206 206 205  25  20  20  20  21  22  54 206 206 205 203
 198 202 205 205 200  34  22  22  22  22  22  57 205 204 204 202
 187 167 162 167 171 173 183 190 192 193 193 193 193 193 192 190
 188  50  18  17  17  16  15  50 132 195 195 195 195 194 193 193
 190  48  21  70  81  80  63  22  22 139 197 197 197 198 196 195
 193  49  21 169 197 198 198 104  20  87 199 199 199 199 197 196
 196  55  21 157 199 200 200 131  19  68 202 203 201 201 200 200
 197  55  22 138 174 179 162  46  21 105 204 204 146 102 202 201
 199  57  22  20  19  16  19  21  49 193 205  93  29  72 204 203
 198  55  22  70  86  85  93 138 196 208 208 151 112  75 206 204
 200  57  21 161 205 207 208 208 209 209 208 208 138  66 207 205
 203  56  22 163 206 208 209 209 210 210 209 208 134  69 208 206
 203  63  22 161 208 209 209 210 211 211 210 210 133  72 210 208
 204  97  64 173 207 209 209 210 210 210 211 210 146  88 208 208
 202 204 205 206 207 207 208 208 208 208 209 209 208 206 207 206
 202 204 205 206 205  80  76  76  86  93  76 100 207 208 207 207
 201 202 204 204 202  24  22  22  22  22  22  53 207 206 206 205
 200 201 202 203 197  31  22  22  22  22  21  55 204 204 204 203
 191 165 159 161 164 169 174 192 191 194 193 192 191 190 189 187
 193  60  24  26  30  31  29  53 132 191 196 196 195 194 195 192
 194  56  19  78  93  96  70  26  26 146 197 197 197 195 197 197
 193  39  21 176 196 198 193 113  23  94 198 200 199 198 200 198
 194  51  22 166 202 202 204 126  25  75 199 202 202 202 201 200
 197  52  20 137 165 171 152  58  22 118 202 202 145 112 201 202
 197  56  22  27  34  31  27  21  64 198 205  94  36  77 196 204
 202  62  21  81  99  96 103 151 201 208 208 166 124  78 199 205
 205  66  21 169 204 207 209 211 212 212 212 211 143  86 201 207
 201  65  22 173 210 211 212 213 214 213 214 212 141  94 201 208
 200  58  22 174 211 214 214 213 214 214 215 213 142  93 203 208
 203 102  72 182 213 213 213 215 214 214 212 212 158 109 203 207
 204 204 203 208 212 213 211 213 213 213 212 211 208 204 210 209
 205 208 209 209 207 101 103 105 104 108  90 120 203 209 208 209
 204 207 208 209 203  26  20  20  20  21  22  74 198 209 208 207
 200 206 206 207 201  34  22  22  22  22  21  74 200 206 206 206

 188 192 196 197 198 199 201 204 204 206 206 206 204 204 203 202
 190 194 196 198 200 202 203 207 206 207 207 208 207 206 205 204
 192 195 197 200 201 110  77  80  77  80  81  95 206 209 206 204
 193 197 198 201 201 148  33 112 138 135 132 148 207 207 206 205
 194 197 198 200 202 204  94 154 209 210 211 210 207 100  54  57
 194 196 199 200 201 204 206 208 209 211 212 209 209  75  22  22
 194 196 145  91  72 112 194 207 210 210 210 211 210  94  21  22
 194 134  23  20  21  22  51 196 210 212 212 212 209  90  20  22
 194  54  22 104 131  50  21 138 210 211 210 212 210  83  20  22
 184  23  59 197 201 164  21  89 209 210 210 211 209  81  20  22
 176  26  77 198 201 181  21  80 206 208 211 210 208  84  25  34
 172  26  76 197 201 175  23  81 204 209 208 209 208 207 205 200
 168  25  66 166 156 135  21  69 159 161 160 172 206 208 206 205
 167  24  22  22  21  21  22  21  21  22  22  74 207 206 206 205
 169  61  55  53  58  59  62  63  69  69  71 108 205 205 204 202
 188 188 191 192 195 197 197 199 201 200 200 201 201 202 201 198
 190 193 195 196 200 201 203 204 205 206 208 208 206 207 205 203
 192 193 196 197 200 202 204 206 207 208 210 208 207 207 206 204
 193 194 198 199 201 102  72  75  66  69  72  88 206 208 206 204
 193 195 197 199 201 146  29 112 138 134 133 146 208 207 207 204
 193 195 197 199 203 204  93 151 208 208 210 210 209 100  53  55
 193 195 197 199 202 204 205 208 208 209 210 211 209  76  22  21
 193 195 139  87  68 105 193 208 209 210 211 210 208  93  22  22
 192 132  22  20  19  21  49 196 209 210 211 210 208  86  22  22
 190  50  22 104 131  46  21 138 208 209 210 210 208  76  22  22
 183  15  63 198 200 162  19  93 208 209 209 209 208  76  22  22
 173  16  80 198 200 179  16  85 207 208 209 209 207  80  24  31
 171  17  81 197 199 174  19  86 205 206 208 207 207 205 202 197
 167  17  70 169 157 138  20  70 161 163 161 173 206 206 204 203
 162  18  21  21  21  22  22  22  21  22  22  64 205 205 204 202
 167  50  48  49  55  55  57  55  57  56  63  97 204 204 202 201
 187 188 190 193 196 197 199 198 200 203 203 204 202 202 201 200
 187 192 197 198 200 202 204 205 207 208 208 207 209 209 207 206
 189 195 197 200 201 201 196 199 201 201 203 203 210 208 208 206
 190 194 195 198 202 112  77  78  86  94  93 109 204 209 209 206
 191 195 197 199 202 145  36 124 143 141 142 158 208 203 198 200
 192 196 197 200 202 202  94 166 211 212 213 212 211 120  74  74
 193 196 197 198 199 202 205 208 212 214 215 212 212  90  22  21
 194 191 146  94  75 118 198 208 212 213 214 214 213 108  21  22
 191 132  26  23  25  22  64 201 212 214 214 214 213 104  20  22
 192  53  26 113 126  58  21 151 211 213 213 215 213 105  20  22
 174  29  70 193 204 152  27 103 209 212 214 213 211 103  20  22
 169  31  96 198 202 171  31  96 207 211 214 213 213 101  26  34
 164  30  93 196 202 165  34  99 204 210 211 213 212 207 203 201
 161  26  78 176 166 137  27  81 169 173 174 182 208 209 209 207
 159  24  19  21  22  20  22  21  21  22  22  72 203 209 208 206
 165  60  56  39  51  52  56  62  66  65  58 102 204 208 207 206
 191 193 194 193 194 197 197 202 205 201 200 203 204 205 204 200

 202 204 204 205  57  22  22  22  22  22  34 200 205 205 202 198
 203 205 206 206  54  22  21  20  20  20  25 205 206 206 204 201
 204 206 209 207 100  75  94  90  83  81  84 207 208 206 205 202
 204 207 206 207 207 209 210 209 210 209 208 208 206 207 205 201
 206 208  95 148 210 209 211 212 212 211 210 209 172  74 108 201
 206 207  81 132 211 212 210 212 210 210 211 208 160  22  71 200
 206 207  80 135 210 211 210 212 211 210 208 209 161  22  69 200
 204 206  77 138 209 209 210 210 210 209 206 204 159  21  69 201
 204 207  80 112 154 208 207 196 138  89  80  81  69  21  63 199
 201 203  77  33  94 206 194  51  21  21  21  23  21  22  62 197
 199 202 110 148 204 204 112  22  50 164 181 175 135  21  59 197
 198 200 201 201 202 201  72  21 131 201 201 201 156  21  58 195
 197 198 200 201 200 200  91  20 104 197 198 197 166  22  53 192
 196 196 197 198 198 199 145  23  22  59  77  76  66  22  55 191
 192 194 195 197 197 196 196 134  54  23  26  26  25  24  61 188
 188 190 192 193 194 194 194 194 194 184 176 172 168 167 169 188
 203 204 204 204  55  21  22  22  22  22  31 197 203 202 201 200
 205 206 206 207  53  22  22  22  22  22  24 202 204 204 202 201
 207 207 208 207 100  76  93  86  76  76  80 205 206 205 204 202
 206 207 206 208 209 209 208 208 208 208 207 207 206 205 204 202
 208 208  88 146 210 211 210 210 210 209 209 207 173  64  97 204
 208 210  72 133 210 210 211 211 210 209 209 208 161  22  63 203
 206 208  69 134 208 209 210 210 209 209 208 206 163  22  56 203
 205 207  66 138 208 208 209 209 208 208 207 205 161  21  57 200
 204 206  75 112 151 208 208 196 138  93  85  86  70  22  55 198
 203 204  72  29  93 205 193  49  21  19  16  19  20  22  57 199
 201 202 102 146 204 204 105  21  46 162 179 174 138  22  55 197
 200 200 201 201 203 202  68  19 131 200 200 199 157  21  55 196
 196 197 199 199 199 199  87  20 104 198 198 197 169  21  49 193
 195 196 198 197 197 197 139  22  22  63  80  81  70  21  48 190
 193 193 194 195 195 195 195 132  50  15  16  17  17  18  50 188
 190 192 193 193 193 193 193 192 190 183 173 171 167 162 167 187
 206 206 206 200  74  21  22  22  22  22  34 201 207 206 206 200
 207 208 209 198  74  22  21  20  20  20  26 203 209 208 207 204
 209 208 209 203 120  90 108 104 105 103 101 207 209 209 208 205
 209 210 204 208 211 212 213 213 213 211 213 212 208 203 204 204
 207 203 109 158 212 212 214 214 215 213 213 213 182  72 102 203
 208 203  93 142 213 215 214 214 213 214 214 211 174  22  58 200
 208 201  94 141 212 214 213 214 213 212 211 210 173  22  65 201
 207 201  86 143 211 212 212 212 211 209 207 204 169  21  66 205
 205 199  78 124 166 208 208 201 151 103  96  99  81  21  62 202
 204 196  77  36  94 205 198  64  21  27  31  34  27  22  56 197
 202 201 112 145 202 202 118  22  58 152 171 165 137  20  52 197
 200 201 202 202 202 199  75  25 126 204 202 202 166  22  51 194
 198 200 198 199 200 198  94  23 113 193 198 196 176  21  39 193
 197 197 195 197 197 197 146  26  26  70  96  93  78  19  56 194
 192 195 194 195 196 196 191 132  53  29  31  30  26  24  60 193
 187 189 190 191 192 193 194 191 192 174 169 164 161 159 165 191

 198 201 202 201 201 200 200 201 199 197 197 195 192 191 188 188
 202 204 205 205 108  71  69  69  63  62  59  58  53  55  61 169
 205 206 206 207  74  22  22  21  21  22  21  21  22  22  24 167
 205 206 208 206 172 160 161 159  69  21 135 156 166  66  25 168
 200 205 207 208 209 208 209 204  81  23 175 201 197  76  26 172
  34  25  84 208 210 211 208 206  80  21 181 201 198  77  26 176
  22  20  81 209 211 210 210 209  89  21 164 201 197  59  23 184
  22  20  83 210 212 210 211 210 138  21  50 131 104  22  54 194
  22  20  90 209 212 212 212 210 196  51  22  21  20  23 134 194
  22  21  94 210 211 210 210 210 207 194 112  72  91 145 196 194
  22  22  75 209 209 212 211 209 208 206 204 201 200 199 196 194
  57  54 100 207 210 211 210 209 154  94 204 202 200 198 197 194
 205 206 207 207 148 132 135 138 112  33 148 201 201 198 197 193
 204 206 209 206  95  81  80  77  80  77 110 201 200 197 195 192
 204 205 206 207 208 207 207 206 207 203 202 200 198 196 194 190
 202 203 204 204 206 206 206 204 204 201 199 198 197 196 192 188
 200 201 202 202 204 203 203 200 198 199 197 196 193 190 188 187
 201 202 204 204  97  63  56  57  55  57  55  55  49  48  50 167
 202 204 205 205  64  22  22  21  22  22  22  21  21  21  18 162
 203 204 206 206 173 161 163 161  70  20 138 157 169  70  17 167
 197 202 205 207 207 208 206 205  86  19 174 199 197  81  17 171
  31  24  80 207 209 209 208 207  85  16 179 200 198  80  16 173
  22  22  76 208 209 209 209 208  93  19 162 200 198  63  15 183
  22  22  76 208 210 210 209 208 138  21  46 131 104  22  50 190
  22  22  86 208 210 211 210 209 196  49  21  19  20  22 132 192
  22  22  93 208 210 211 210 209 208 193 105  68  87 139 195 193
  21  22  76 209 211 210 209 208 208 205 204 202 199 197 195 193
  55  53 100 209 210 210 208 208 151  93 204 203 199 197 195 193
 204 207 207 208 146 133 134 138 112  29 146 201 199 197 195 193
 204 206 208 206  88  72  69  66  75  72 102 201 199 198 194 193
 204 206 207 207 208 210 208 207 206 204 202 200 197 196 193 192
 203 205 207 206 208 208 206 205 204 203 201 200 196 195 193 190
 200 204 205 204 203 200 201 205 202 197 197 194 193 194 193 191
 206 207 208 204 102  58  65  66  62  56  52  51  39  56  60 165
 206 208 209 203  72  22  22  21  21  22  20  22  21  19  24 159
 207 209 209 208 182 174 173 169  81  27 137 166 176  78  26 161
 201 203 207 212 213 211 210 204  99  34 165 202 196  93  30 164
  34  26 101 213 213 214 211 207  96  31 171 202 198  96  31 169
  22  20 103 211 213 214 212 209 103  27 152 204 193  70  29 174
  22  20 105 213 215 213 213 211 151  21  58 126 113  26  53 192
  22  20 104 213 214 214 214 212 201  64  22  25  23  26 132 191
  22  21 108 213 214 214 213 212 208 198 118  75  94 146 191 194
  21  22  90 212 212 215 214 212 208 205 202 199 198 197 196 193
  74  74 120 211 212 213 212 211 166  94 202 202 200 197 196 192
 200 198 203 208 158 142 141 143 124  36 145 202 199 197 195 191
 206 209 209 204 109  93  94  86  78  77 112 202 198 195 194 190
 206 208 208 210 203 203 201 201 199 196 201 201 200 197 195 189
 206 207 209 209 207 208 208 207 205 204 202 200 198 197 192 187

