 187 168 164 165 171 174 161 188 195 194 194 193 193 192 191 189
 186  74  25  26  26  26  22  43 126 194 197 197 196 195 194 193
 190  71  21  69  82  98  75  25  21 125 199 197 197 197 196 196
 193  64  22 148 199 199 199 127  20  67 199 200 200 198 199 198
 193  70  19 140 201 201 201 140  20  68 201 202 201 200 200 198
 196  72  20 119 171 176 155  51  21 104 204 204 193  73 181 200
 198  74  22  21  22  20  21  22  49 193 207 207  89  21 179 201
 198  73  21  73  87 101 104 145 204 207 207 157  54  21 181 203
 198  84  22 152 206 208 209 209 210 210 196  48 181  28 183 205
 199  83  22 152 207 209 209 211 211 211 119  39  94  22 101 205
 201  78  22 149 207 210 209 211 212 210 173 143 136  26 126 206
 202 112  74 166 209 210 210 212 211 211 209 209 208  66 198 205
 202 206 207 205 209 208 208 210 210 209 208 209 208 205 206 204
 201 205 206 208 206  84  77  83  82  71  73 105 207 207 206 205
 200 203 206 207 200  32  21  20  20  22  22  56 206 206 207 204
 196 202 204 204 198  42  22  22  22  22  22  61 205 204 205 202
 186 165 157 164 168 173 154 184 193 193 193 193 193 193 191 190
 187  67  19  19  17  16  16  37 122 192 195 194 195 195 193 193
 191  67  21  72  87 101  80  25  21 120 198 197 197 197 196 196
 193  62  21 150 196 197 197 126  21  66 198 200 199 199 198 197
 195  68  22 143 199 200 200 140  19  66 200 202 202 201 200 199
 196  67  22 121 169 173 150  47  22 100 204 204 194  71 176 200
 199  68  22  21  17  16  20  21  48 192 206 204  87  20 174 203
 199  57  21  74  90 105 110 143 206 207 208 158  47  22 176 204
 201  74  22 153 206 207 208 208 209 208 196  47 171  28 182 205
 203  75  22 154 206 209 208 209 209 209 117  35  90  23  96 205
 203  70  22 150 208 209 209 210 210 209 170 134 121  27 118 208
 203 102  63 169 207 209 209 209 209 210 210 209 208  60 193 207
 201 205 206 206 207 208 208 209 208 209 209 208 209 207 207 206
 202 204 205 205 204  78  72  77  81  72  74 105 208 207 207 206
 200 202 204 204 202  29  22  22  21  22  21  53 208 206 207 205
 198 200 203 203 197  40  22  22  22  22  21  59 204 204 204 203
 190 160 149 153 158 160 163 181 192 193 193 192 190 190 190 189
 190  61  25  27  30  30  29  43 122 189 195 194 195 194 195 193
 190  65  21  77  98 114  85  31  24 127 196 197 197 197 195 194
 194  59  20 157 198 199 199 125  23  69 196 200 199 200 198 197
 194  65  21 162 201 203 202 138  25  72 195 202 201 201 200 201
 198  66  20 141 152 160 136  56  21 111 201 204 190  83 183 203
 198  70  21  24  29  30  25  22  62 192 206 208  92  27 175 202
 200  75  21  86 100 118 120 167 201 208 207 156  65  31 179 205
 199  74  22 161 208 210 210 212 211 212 195  56 176  38 178 206
 200  74  22 161 210 210 213 213 213 214 130  45  95  27 106 201
 201  74  22 159 212 211 213 214 215 214 180 151 145  34 131 204
 202 108  74 181 212 212 212 214 214 214 212 213 207  92 200 208
 206 204 206 209 211 212 212 212 213 212 211 211 209 204 208 208
 203 209 208 211 209 100  92  98  99  87  89 122 202 208 209 208
 204 208 209 209 202  31  20  21  22  22  22  75 198 208 207 207
 203 206 206 207 199  42  22  22  22  22  22  85 200 207 207 206

 189 193 196 198 198 200 201 203 205 205 206 205 204 205 204 202
 191 194 196 199 200 181 179 181 183 101 126 198 206 206 207 205
 192 195 197 198 200  73  21  21  28  22  26  66 205 207 206 204
 193 196 197 200 201 193  89  54 181  94 136 208 208 207 206 205
 193 197 197 200 202 204 207 157  48  39 143 209 209 105  56  61
 194 197 199 199 201 204 207 207 196 119 173 209 208  73  22  22
 194 194 125  67  68 104 193 207 210 211 210 211 209  71  22  22
 195 126  21  20  20  21  49 204 210 211 212 211 210  82  20  22
 188  43  25 127 140  51  22 145 209 211 211 212 210  83  20  22
 161  22  75 199 201 155  21 104 209 209 209 210 208  77  21  22
 174  26  98 199 201 176  20 101 208 209 210 210 208  84  32  42
 171  26  82 199 201 171  22  87 206 207 207 209 209 206 200 198
 165  26  69 148 140 119  21  73 152 152 149 166 205 208 207 204
 164  25  21  22  19  20  22  21  22  22  22  74 207 206 206 204
 168  74  71  64  70  72  74  73  84  83  78 112 206 205 203 202
 187 186 190 193 193 196 198 198 198 199 201 202 202 201 200 196
 190 193 196 197 199 200 203 204 205 205 208 207 206 206 205 203
 191 193 196 198 200 176 174 176 182  96 118 193 207 207 207 204
 193 195 197 199 201  71  20  22  28  23  27  60 207 207 206 204
 193 195 197 199 202 194  87  47 171  90 121 208 209 208 208 204
 193 194 197 200 202 204 204 158  47  35 134 209 208 105  53  59
 193 195 198 198 200 204 206 208 196 117 170 210 209  74  21  21
 193 192 120  66  66 100 192 207 208 209 209 210 209  72  22  22
 193 122  21  21  19  22  48 206 209 209 210 209 208  81  21  22
 184  37  25 126 140  47  21 143 208 209 210 209 209  77  22  22
 154  16  80 197 200 150  20 110 208 208 209 209 208  72  22  22
 173  16 101 197 200 173  16 105 207 209 209 209 208  78  29  40
 168  17  87 196 199 169  17  90 206 206 208 207 207 204 202 197
 164  19  72 150 143 121  21  74 153 154 150 169 206 205 204 203
 157  19  21  21  22  22  22  21  22  22  22  63 206 205 204 203
 165  67  67  62  68  67  68  57  74  75  70 102 205 204 202 200
 186 187 191 193 195 196 199 199 201 203 203 203 201 202 200 198
 189 193 194 197 201 203 202 205 206 201 204 208 208 208 207 206
 190 195 195 198 200 183 175 179 178 106 131 200 208 209 207 207
 190 194 197 200 201  83  27  31  38  27  34  92 204 208 208 207
 190 195 197 199 201 190  92  65 176  95 145 207 209 202 198 200
 192 194 197 200 202 204 208 156  56  45 151 213 211 122  75  85
 193 195 196 196 195 201 206 207 195 130 180 212 211  89  22  22
 193 189 127  69  72 111 192 208 212 214 214 214 212  87  22  22
 192 122  24  23  25  21  62 201 211 213 215 214 213  99  22  22
 181  43  31 125 138  56  22 167 212 213 214 214 212  98  21  22
 163  29  85 199 202 136  25 120 210 213 213 212 212  92  20  22
 160  30 114 199 203 160  30 118 210 210 211 212 212 100  31  42
 158  30  98 198 201 152  29 100 208 210 212 212 211 209 202 199
 153  27  77 157 162 141  24  86 161 161 159 181 209 211 209 207
 149  25  21  20  21  20  21  21  22  22  22  74 206 208 209 206
 160  61  65  59  65  66  70  75  74  74  74 108 204 209 208 206
 190 190 190 194 194 198 198 200 199 200 201 202 206 203 204 203

 202 205 204 205  61  22  22  22  22  22  42 198 204 204 202 196
 204 207 206 206  56  22  22  20  20  21  32 200 207 206 203 200
 205 206 207 207 105  73  71  82  83  77  84 206 208 206 205 201
 204 206 205 208 209 208 209 210 210 208 208 209 205 207 206 202
 205 198  66 208 209 209 211 211 212 210 210 209 166  74 112 202
 206 126  26 136 143 173 210 212 211 209 210 207 149  22  78 201
 205 101  22  94  39 119 211 211 211 209 209 207 152  22  83 199
 205 183  28 181  48 196 210 210 209 209 208 206 152  22  84 198
 203 181  21  54 157 207 207 204 145 104 101  87  73  21  73 198
 201 179  21  89 207 207 193  49  22  21  20  22  21  22  74 198
 200 181  73 193 204 204 104  21  51 155 176 171 119  20  72 196
 198 200 200 201 202 201  68  20 140 201 201 201 140  19  70 193
 198 199 198 200 200 199  67  20 127 199 199 199 148  22  64 193
 196 196 197 197 197 199 125  21  25  75  98  82  69  21  71 190
 193 194 195 196 197 197 194 126  43  22  26  26  26  25  74 186
 189 191 192 193 193 194 194 195 188 161 174 171 165 164 168 187
 203 204 204 204  59  21  22  22  22  22  40 197 203 203 200 198
 205 207 206 208  53  21  22  21  22  22  29 202 204 204 202 200
 206 207 207 208 105  74  72  81  77  72  78 204 205 205 204 202
 206 207 207 209 208 209 209 208 209 208 208 207 206 206 205 201
 207 193  60 208 209 210 210 209 209 209 209 207 169  63 102 203
 208 118  27 121 134 170 209 210 210 209 209 208 150  22  70 203
 205  96  23  90  35 117 209 209 209 208 209 206 154  22  75 203
 205 182  28 171  47 196 208 209 208 208 207 206 153  22  74 201
 204 176  22  47 158 208 207 206 143 110 105  90  74  21  57 199
 203 174  20  87 204 206 192  48  21  20  16  17  21  22  68 199
 200 176  71 194 204 204 100  22  47 150 173 169 121  22  67 196
 199 200 201 202 202 200  66  19 140 200 200 199 143  22  68 195
 197 198 199 199 200 198  66  21 126 197 197 196 150  21  62 193
 196 196 197 197 197 198 120  21  25  80 101  87  72  21  67 191
 193 193 195 195 194 195 192 122  37  16  16  17  19  19  67 187
 190 191 193 193 193 193 193 193 184 154 173 168 164 157 165 186
 206 207 207 200  85  22  22  22  22  22  42 199 207 206 206 203
 207 207 208 198  75  22  22  22  21  20  31 202 209 209 208 204
 208 209 208 202 122  89  87  99  98  92 100 209 211 208 209 203
 208 208 204 209 211 211 212 213 212 212 212 211 209 206 204 206
 208 200  92 207 213 212 214 214 214 212 212 212 181  74 108 202
 204 131  34 145 151 180 214 215 214 213 211 212 159  22  74 201
 201 106  27  95  45 130 214 213 213 213 210 210 161  22  74 200
 206 178  38 176  56 195 212 211 212 210 210 208 161  22  74 199
 205 179  31  65 156 207 208 201 167 120 118 100  86  21  75 200
 202 175  27  92 208 206 192  62  22  25  30  29  24  21  70 198
 203 183  83 190 204 201 111  21  56 136 160 152 141  20  66 198
 201 200 201 201 202 195  72  25 138 202 203 201 162  21  65 194
 197 198 200 199 200 196  69  23 125 199 199 198 157  20  59 194
 194 195 197 197 197 196 127  24  31  85 114  98  77  21  65 190
 193 195 194 195 194 195 189 122  43  29  30  30  27  25  61 190
 189 190 190 190 192 193 193 192 181 163 160 158 153 149 160 190

 196 200 201 202 202 201 199 198 198 198 196 193 193 190 186 187
 202 203 205 206 112  78  83  84  73  74  72  70  64  71  74 168
 204 206 206 207  74  22  22  22  21  22  20  19  22  21  25 164
 204 207 208 205 166 149 152 152  73  21 119 140 148  69  26 165
 198 200 206 209 209 207 207 206  87  22 171 201 199  82  26 171
  42  32  84 208 210 210 209 208 101  20 176 201 199  98  26 174
  22  21  77 208 210 209 209 209 104  21 155 201 199  75  22 161
  22  20  83 210 212 211 211 209 145  22  51 140 127  25  43 188
  22  20  82 210 211 212 211 210 204  49  21  20  20  21 126 195
  22  22  71 209 211 210 211 210 207 193 104  68  67 125 194 194
  22  22  73 208 209 173 119 196 207 207 204 201 199 199 197 194
  61  56 105 209 209 143  39  48 157 207 204 202 200 197 197 193
 205 206 207 208 208 136  94 181  54  89 193 201 200 197 196 193
 204 206 207 205  66  26  22  28  21  21  73 200 198 197 195 192
 205 207 206 206 198 126 101 183 181 179 181 200 199 196 194 191
 202 204 205 204 205 206 205 205 203 201 200 198 198 196 193 189
 198 200 202 201 203 203 203 201 199 199 196 195 193 191 187 186
 200 202 204 205 102  70  75  74  57  68  67  68  62  67  67 165
 203 204 205 206  63  22  22  22  21  22  22  22  21  21  19 157
 203 204 205 206 169 150 154 153  74  21 121 143 150  72  19 164
 197 202 204 207 207 208 206 206  90  17 169 199 196  87  17 168
  40  29  78 208 209 209 209 207 105  16 173 200 197 101  16 173
  22  22  72 208 209 209 208 208 110  20 150 200 197  80  16 154
  22  22  77 209 209 210 209 208 143  21  47 140 126  25  37 184
  22  21  81 208 209 210 209 209 206  48  22  19  21  21 122 193
  22  22  72 209 210 209 209 208 207 192 100  66  66 120 192 193
  21  21  74 209 210 170 117 196 208 206 204 200 198 198 195 193
  59  53 105 208 209 134  35  47 158 204 204 202 200 197 194 193
 204 208 208 209 208 121  90 171  47  87 194 202 199 197 195 193
 204 206 207 207  60  27  23  28  22  20  71 201 199 197 195 193
 204 207 207 207 193 118  96 182 176 174 176 200 198 196 193 191
 203 205 206 206 207 208 205 205 204 203 200 199 197 196 193 190
 203 204 203 206 202 201 200 199 200 198 198 194 194 190 190 190
 206 208 209 204 108  74  74  74  75  70  66  65  59  65  61 160
 206 209 208 206  74  22  22  22  21  21  20  21  20  21  25 149
 207 209 211 209 181 159 161 161  86  24 141 162 157  77  27 153
 199 202 209 211 212 212 210 208 100  29 152 201 198  98  30 158
  42  31 100 212 212 211 210 210 118  30 160 203 199 114  30 160
  22  20  92 212 212 213 213 210 120  25 136 202 199  85  29 163
  22  21  98 212 214 214 213 212 167  22  56 138 125  31  43 181
  22  22  99 213 214 215 213 211 201  62  21  25  23  24 122 192
  22  22  87 212 214 214 214 212 208 192 111  72  69 127 189 193
  22  22  89 211 212 180 130 195 207 206 201 195 196 196 195 193
  85  75 122 211 213 151  45  56 156 208 204 202 200 197 194 192
 200 198 202 209 207 145  95 176  65  92 190 201 199 197 195 190
 207 208 208 204  92  34  27  38  31  27  83 201 200 197 194 190
 207 207 209 208 200 131 106 178 179 175 183 200 198 195 195 190
 206 207 208 208 208 204 201 206 205 202 203 201 197 194 193 189

