 225 220 223 223 223 224 226 231 233 234 232 231 229 229 228 225
 229  92  44  44  45  45  60  99 202 241 240 241 239 238 237 236
 229  84  21  66  79  77  48  20  38 214 240 242 240 240 239 237
 230  83  23 194 236 238 230  88  21 141 243 241 241 242 239 237
 233  83  24 199 241 243 242 137  22 131 243 243 242 241 241 240
 233  84  23 187 228 228 205  60  21 163 240 146  94 167 241 240
 234  85  21  30  32  35  28  22  70 239 157  90 195  41 214 242
 233  84  21  64  77  77  93 151 235 247 222 229 212  36 221 242
 236  85  25 200 244 244 247 247 247 248 246 219  57  51 220 242
 235  87  24 201 246 246 248 248 248 247 239 238 236 104 124 241
 235  87  25 203 246 247 246 247 246 246 145 113 235 109 128 240
 230 119  64 206 245 245 245 247 245 244 222  87  71  85 222 239
 235 237 239 240 244 243 242 243 244 244 242 237 228 240 238 238
 231 236 237 239 241 240 185 116 116 141 239 240 240 238 237 236
 229 234 236 237 238 238 144  23  21  67 235 238 238 236 236 235
 228 233 233 235 236 236 142  22  21  67 230 235 234 233 233 231
 225 223 220 221 222 224 229 231 233 233 232 232 233 232 231 230
 227  72  34  34  34  36  48  88 196 235 234 235 234 233 232 232
 228  58  22  62  73  72  46  22  36 207 235 236 235 235 233 233
 228  57  25 193 233 233 223  85  22 135 236 235 236 236 236 235
 230  58  26 194 235 235 236 124  21 126 238 237 237 237 238 236
 230  57  25 187 226 227 196  49  21 157 235 138  89 157 237 237
 232  58  22  31  34  34  22  20  66 232 151  78 185  35 200 236
 233  59  22  68  79  80  89 144 231 242 224 229 206  31 213 238
 231  59  27 199 238 239 240 241 242 242 241 219  46  41 215 238
 230  60  26 198 239 240 240 241 242 242 239 240 228 100 113 238
 229  61  28 197 238 239 240 241 241 240 143 112 234 104 114 235
 229  95  62 204 237 238 239 239 240 238 214  74  56  69 214 234
 227 231 232 235 235 236 236 237 237 236 237 232 214 233 235 233
 227 229 230 232 232 234 180 113 115 137 233 234 234 233 233 231
 224 227 228 229 230 231 136  21  22  64 231 231 232 232 231 229
 223 224 226 226 227 228 134  21  22  64 227 228 228 227 228 226
 227 217 214 215 215 217 222 231 231 233 232 232 231 230 230 226
 232  78  35  35  35  37  59 102 199 239 239 239 237 237 237 235
 230  69  20  77  91  91  62  23  47 212 242 240 240 239 239 237
 232  68  20 204 237 239 235 100  20 143 242 244 242 241 241 239
 234  69  21 210 242 245 243 137  21 134 242 244 243 242 240 240
 235  68  20 196 226 228 207  59  22 167 239 144  96 160 239 242
 235  69  20  42  44  45  36  24  78 239 158  90 209  50 210 244
 237  70  21  72  85  85  97 165 233 248 228 232 214  36 218 242
 236  72  22 213 244 245 246 248 248 249 247 212  73  62 218 243
 237  72  28 214 247 248 249 249 248 248 242 236 240 110 133 240
 240  77  29 213 247 248 249 250 248 247 145 130 236 111 126 242
 241 109  76 215 247 247 247 248 246 246 216  92  86  86 217 242
 240 240 240 242 245 244 244 243 244 244 244 232 226 237 238 239
 237 239 241 241 242 242 184 126 126 155 236 239 238 238 239 238
 237 237 239 239 238 237 133  24  21  78 229 238 237 237 235 233
 231 233 234 234 236 234 128  22  21  77 225 234 234 235 232 231

 225 236 237 237 240 240 242 242 242 241 240 239 238 236 235 231
 228 237 239 239 241 241 214 221 220 124 128 222 238 237 236 233
 229 238 240 242 241 167  41  36  51 104 109  85 240 238 236 233
 229 239 240 241 242  94 195 212  57 236 235  71 228 240 238 234
 231 241 242 241 243 146  90 229 219 238 113  87 237 240 238 235
 232 240 240 243 243 240 157 222 246 239 145 222 242 239 235 230
 234 241 214 141 131 163 239 247 248 247 246 244 244 141  67  67
 233 202  38  21  22  21  70 235 247 248 246 245 244 116  21  21
 231  99  20  88 137  60  22 151 247 248 247 247 243 116  23  22
 226  60  48 230 242 205  28  93 247 248 246 245 242 185 144 142
 224  45  77 238 243 228  35  77 244 246 247 245 243 240 238 236
 223  45  79 236 241 228  32  77 244 246 246 245 244 241 238 236
 223  44  66 194 199 187  30  64 200 201 203 206 240 239 237 235
 223  44  21  23  24  23  21  21  25  24  25  64 239 237 236 233
 220  92  84  83  83  84  85  84  85  87  87 119 237 236 234 233
 225 229 229 230 233 233 234 233 236 235 235 230 235 231 229 228
 230 232 233 235 236 237 236 238 238 238 235 234 233 231 229 226
 231 232 233 236 238 237 200 213 215 113 114 214 235 233 231 228
 232 233 235 236 237 157  35  31  41 100 104  69 233 233 232 227
 233 234 235 236 237  89 185 206  46 228 234  56 214 234 232 228
 232 235 236 235 237 138  78 229 219 240 112  74 232 234 231 228
 232 234 235 236 238 235 151 224 241 239 143 214 237 233 231 227
 233 235 207 135 126 157 232 242 242 242 240 238 236 137  64  64
 233 196  36  22  21  21  66 231 242 242 241 240 237 115  22  22
 231  88  22  85 124  49  20 144 241 241 241 239 237 113  21  21
 229  48  46 223 236 196  22  89 240 240 240 239 236 180 136 134
 224  36  72 233 235 227  34  80 239 240 239 238 236 234 231 228
 222  34  73 233 235 226  34  79 238 239 238 237 235 232 230 227
 221  34  62 193 194 187  31  68 199 198 197 204 235 232 229 226
 220  34  22  25  26  25  22  22  27  26  28  62 232 230 228 226
 223  72  58  57  58  57  58  59  59  60  61  95 231 229 227 224
 225 227 228 228 230 230 232 233 231 230 229 229 227 227 224 223
 226 235 237 239 240 242 244 242 243 240 242 242 239 238 233 231
 230 237 239 241 240 239 210 218 218 133 126 217 238 239 235 232
 230 237 239 241 242 160  50  36  62 110 111  86 237 238 237 235
 231 237 240 242 243  96 209 214  73 240 236  86 226 238 237 234
 232 239 240 244 244 144  90 232 212 236 130  92 232 239 238 234
 232 239 242 242 242 239 158 228 247 242 145 216 244 236 229 225
 233 239 212 143 134 167 239 248 249 248 247 246 244 155  78  77
 231 199  47  20  21  22  78 233 248 248 248 246 244 126  21  21
 231 102  23 100 137  59  24 165 248 249 250 248 243 126  24  22
 222  59  62 235 243 207  36  97 246 249 249 247 244 184 133 128
 217  37  91 239 245 228  45  85 245 248 248 247 244 242 237 234
 215  35  91 237 242 226  44  85 244 247 247 247 245 242 238 236
 215  35  77 204 210 196  42  72 213 214 213 215 242 241 239 234
 214  35  20  20  21  20  20  21  22  28  29  76 240 241 239 234
 217  78  69  68  69  68  69  70  72  72  77 109 240 239 237 233
 227 232 230 232 234 235 235 237 236 237 240 241 240 237 237 231

 231 233 233 234 235 230  67  21  22 142 236 236 235 233 233 228
 235 236 236 238 238 235  67  21  23 144 238 238 237 236 234 229
 236 237 238 240 240 239 141 116 116 185 240 241 239 237 236 231
 238 238 240 228 237 242 244 244 243 242 243 244 240 239 237 235
 239 222  85  71  87 222 244 245 247 245 245 245 206  64 119 230
 240 128 109 235 113 145 246 246 247 246 247 246 203  25  87 235
 241 124 104 236 238 239 247 248 248 248 246 246 201  24  87 235
 242 220  51  57 219 246 248 247 247 247 244 244 200  25  85 236
 242 221  36 212 229 222 247 235 151  93  77  77  64  21  84 233
 242 214  41 195  90 157 239  70  22  28  35  32  30  21  85 234
 240 241 167  94 146 240 163  21  60 205 228 228 187  23  84 233
 240 241 241 242 243 243 131  22 137 242 243 241 199  24  83 233
 237 239 242 241 241 243 141  21  88 230 238 236 194  23  83 230
 237 239 240 240 242 240 214  38  20  48  77  79  66  21  84 229
 236 237 238 239 241 240 241 202  99  60  45  45  44  44  92 229
 225 228 229 229 231 232 234 233 231 226 224 223 223 223 220 225
 226 228 227 228 228 227  64  22  21 134 228 227 226 226 224 223
 229 231 232 232 231 231  64  22  21 136 231 230 229 228 227 224
 231 233 233 234 234 233 137 115 113 180 234 232 232 230 229 227
 233 235 233 214 232 237 236 237 237 236 236 235 235 232 231 227
 234 214  69  56  74 214 238 240 239 239 238 237 204  62  95 229
 235 114 104 234 112 143 240 241 241 240 239 238 197  28  61 229
 238 113 100 228 240 239 242 242 241 240 240 239 198  26  60 230
 238 215  41  46 219 241 242 242 241 240 239 238 199  27  59 231
 238 213  31 206 229 224 242 231 144  89  80  79  68  22  59 233
 236 200  35 185  78 151 232  66  20  22  34  34  31  22  58 232
 237 237 157  89 138 235 157  21  49 196 227 226 187  25  57 230
 236 238 237 237 237 238 126  21 124 236 235 235 194  26  58 230
 235 236 236 236 235 236 135  22  85 223 233 233 193  25  57 228
 233 233 235 235 236 235 207  36  22  46  72  73  62  22  58 228
 232 232 233 234 235 234 235 196  88  48  36  34  34  34  72 227
 230 231 232 233 232 232 233 233 231 229 224 222 221 220 223 225
 231 232 235 234 234 225  77  21  22 128 234 236 234 234 233 231
 233 235 237 237 238 229  78  21  24 133 237 238 239 239 237 237
 238 239 238 238 239 236 155 126 126 184 242 242 241 241 239 237
 239 238 237 226 232 244 244 244 243 244 244 245 242 240 240 240
 242 217  86  86  92 216 246 246 248 247 247 247 215  76 109 241
 242 126 111 236 130 145 247 248 250 249 248 247 213  29  77 240
 240 133 110 240 236 242 248 248 249 249 248 247 214  28  72 237
 243 218  62  73 212 247 249 248 248 246 245 244 213  22  72 236
 242 218  36 214 232 228 248 233 165  97  85  85  72  21  70 237
 244 210  50 209  90 158 239  78  24  36  45  44  42  20  69 235
 242 239 160  96 144 239 167  22  59 207 228 226 196  20  68 235
 240 240 242 243 244 242 134  21 137 243 245 242 210  21  69 234
 239 241 241 242 244 242 143  20 100 235 239 237 204  20  68 232
 237 239 239 240 240 242 212  47  23  62  91  91  77  20  69 230
 235 237 237 237 239 239 239 199 102  59  37  35  35  35  78 232
 226 230 230 231 232 232 233 231 231 222 217 215 215 214 217 227

 228 229 231 235 230 235 235 236 233 234 233 233 230 229 229 225
 233 234 236 237 119  87  87  85  84  85  84  83  83  84  92 220
 233 236 237 239  64  25  24  25  21  21  23  24  23  21  44 223
 235 237 239 240 206 203 201 200  64  30 187 199 194  66  44 223
 236 238 241 244 245 246 246 244  77  32 228 241 236  79  45 223
 236 238 240 243 245 247 246 244  77  35 228 243 238  77  45 224
 142 144 185 242 245 246 248 247  93  28 205 242 230  48  60 226
  22  23 116 243 247 247 248 247 151  22  60 137  88  20  99 231
  21  21 116 244 245 246 248 247 235  70  21  22  21  38 202 233
  67  67 141 244 244 246 247 248 247 239 163 131 141 214 241 234
 230 235 239 242 222 145 239 246 222 157 240 243 243 240 240 232
 235 238 240 237  87 113 238 219 229  90 146 243 241 242 241 231
 234 238 240 228  71 235 236  57 212 195  94 242 241 240 239 229
 233 236 238 240  85 109 104  51  36  41 167 241 242 240 238 229
 233 236 237 238 222 128 124 220 221 214 241 241 239 239 237 228
 231 235 236 238 239 240 241 242 242 242 240 240 237 237 236 225
 223 224 227 227 229 229 230 231 233 232 230 230 228 228 227 225
 224 227 229 231  95  61  60  59  59  58  57  58  57  58  72 223
 226 228 230 232  62  28  26  27  22  22  25  26  25  22  34 220
 226 229 232 235 204 197 198 199  68  31 187 194 193  62  34 221
 227 230 232 235 237 238 239 238  79  34 226 235 233  73  34 222
 228 231 234 236 238 239 240 239  80  34 227 235 233  72  36 224
 134 136 180 236 239 240 240 240  89  22 196 236 223  46  48 229
  21  21 113 237 239 241 241 241 144  20  49 124  85  22  88 231
  22  22 115 237 240 241 242 242 231  66  21  21  22  36 196 233
  64  64 137 236 238 240 242 242 242 232 157 126 135 207 235 233
 227 231 233 237 214 143 239 241 224 151 235 238 236 235 234 232
 228 231 234 232  74 112 240 219 229  78 138 237 235 236 235 232
 228 232 234 214  56 234 228  46 206 185  89 237 236 235 234 233
 227 232 233 233  69 104 100  41  31  35 157 237 236 235 233 232
 228 231 233 235 214 114 113 215 213 200 237 238 236 233 232 231
 226 229 231 233 234 235 238 238 238 236 237 236 235 233 232 230
 231 237 237 240 241 240 237 236 237 235 235 234 232 230 232 227
 233 237 239 240 109  77  72  72  70  69  68  69  68  69  78 217
 234 239 241 240  76  29  28  22  21  20  20  21  20  20  35 214
 234 239 241 242 215 213 214 213  72  42 196 210 204  77  35 215
 236 238 242 245 247 247 247 244  85  44 226 242 237  91  35 215
 234 237 242 244 247 248 248 245  85  45 228 245 239  91  37 217
 128 133 184 244 247 249 249 246  97  36 207 243 235  62  59 222
  22  24 126 243 248 250 249 248 165  24  59 137 100  23 102 231
  21  21 126 244 246 248 248 248 233  78  22  21  20  47 199 231
  77  78 155 244 246 247 248 249 248 239 167 134 143 212 239 233
 225 229 236 244 216 145 242 247 228 158 239 242 242 242 239 232
 234 238 239 232  92 130 236 212 232  90 144 244 244 240 239 232
 234 237 238 226  86 236 240  73 214 209  96 243 242 240 237 231
 235 237 238 237  86 111 110  62  36  50 160 242 241 239 237 230
 232 235 239 238 217 126 133 218 218 210 239 240 241 239 237 230
 231 233 238 239 242 242 240 243 242 244 242 240 239 237 235 226

