 188 185 170 167 171 175 184 192 194 193 194 193 192 191 191 188
 189  55  23  25  26  28  26  53 140 195 196 196 196 194 195 193
 192  55  22  67  70  73  57  22  23 151 198 197 197 197 197 195
 192  51  21 167 197 197 197  95  22  92 200 200 199 198 199 196
 194  49  21 163 200 202 201 119  20  88 201 202 202 200 199 198
 197  60  21 146 177 181 160  51  21 121 203 127  68  94 184 201
 198  56  22  20  21  23  20  21  54 192 154  34 157  86  91 202
 198  56  22  68  78  78  89 139 195 208 184 169 206 120  86 202
 200  66  20 162 204 206 207 209 208 208 210 208 174  38 158 204
 201  64  21 165 208 209 210 210 211 209 209 152  36 147 208 206
 202  68  22 166 208 210 211 212 211 210 175  23 135 187 193 204
 201  97  60 175 209 211 210 211 212 211 125  59  48  44  82 205
 203 205 207 207 209 209 210 210 210 208 209 207 204 205 205 205
 202 204 207 208 197  88  85  84  87  89  95 122 208 207 206 205
 201 205 206 206 201  28  21  20  20  20  21  71 206 205 205 203
 200 202 205 205 199  24  22  22  22  22  22  73 203 203 204 203
 187 183 169 166 170 174 183 190 192 192 193 192 193 193 192 190
 188  46  17  17  17  17  19  48 134 195 195 195 194 194 194 192
 189  48  20  72  77  75  61  22  23 146 197 197 196 197 196 196
 193  48  21 169 196 198 198  94  21  91 198 199 199 199 198 196
 196  44  21 166 199 200 200 120  20  86 201 201 201 201 200 199
 197  56  22 150 172 177 156  46  20 116 203 128  66  92 180 201
 200  52  21  19  18  19  18  22  52 190 156  30 156  88  84 202
 199  48  22  71  82  82  93 139 196 208 183 166 207 122  80 204
 201  59  21 165 206 208 209 208 209 209 208 208 178  34 153 205
 202  52  22 167 207 208 209 210 209 209 209 154  31 141 207 206
 203  59  22 169 208 209 210 210 211 210 174  22 126 185 191 207
 206  83  39 174 208 209 209 210 210 210 124  56  49  45  77 207
 203 205 205 206 207 208 208 208 208 208 207 207 206 206 206 206
 201 204 205 205 197  81  77  76  84  92  97 124 208 207 207 206
 199 203 204 205 201  25  22  22  22  22  21  72 207 205 206 205
 199 201 202 204 197  22  22  22  22  22  21  73 204 204 204 204
 189 180 163 159 165 167 180 191 191 193 193 191 191 190 188 186
 191  49  24  25  29  32  31  52 140 191 194 195 195 194 193 193
 195  56  20  84 104  94  65  26  27 149 197 196 197 196 196 193
 193  41  22 176 197 197 192 104  22  94 197 200 199 199 199 198
 193  40  22 179 201 203 202 118  24  92 200 201 202 201 200 200
 194  52  20 151 168 172 147  58  21 129 202 128  78 105 182 202
 199  51  22  26  32  34  23  21  63 194 156  46 160  98  95 202
 203  53  22  93 102  97 105 153 200 208 187 183 203 128  83 203
 204  61  21 177 205 206 208 212 211 211 211 211 173  44 158 206
 203  63  22 176 211 212 212 213 212 214 212 155  50 146 205 208
 203  58  22 183 212 214 213 214 214 215 179  34 136 188 194 208
 201  92  68 193 212 214 214 213 215 214 138  71  73  68 102 202
 205 203 202 208 212 213 211 213 212 214 208 205 202 202 203 209
 204 208 209 211 195 108 111 111 115 109 110 135 206 208 209 208
 207 208 207 208 202  29  21  20  21  21  21  75 198 208 207 206
 203 206 206 206 201  24  22  22  22  22  22  80 201 207 206 206

 188 193 195 196 198 201 202 202 204 206 204 205 205 205 203 203
 191 195 197 199 199 184  91  86 158 208 193  82 205 206 205 204
 191 194 197 198 200  94  86 120  38 147 187  44 205 207 205 203
 192 196 197 199 202  68 157 206 174  36 135  48 204 208 206 203
 193 196 197 200 202 127  34 169 208 152  23  59 207 122  71  73
 194 196 198 200 201 203 154 184 210 209 175 125 209  95  21  22
 193 195 151  92  88 121 192 208 208 209 210 211 208  89  20  22
 194 140  23  22  20  21  54 195 208 211 211 212 210  87  20  22
 192  53  22  95 119  51  21 139 209 210 212 211 210  84  20  22
 184  26  57 197 201 160  20  89 207 210 211 210 210  85  21  22
 175  28  73 197 202 181  23  78 206 209 210 211 209  88  28  24
 171  26  70 197 200 177  21  78 204 208 208 209 209 197 201 199
 167  25  67 167 163 146  20  68 162 165 166 175 207 208 206 205
 170  23  22  21  21  21  22  22  20  21  22  60 207 207 206 205
 185  55  55  51  49  60  56  56  66  64  68  97 205 204 205 202
 188 189 192 192 194 197 198 198 200 201 202 201 203 202 201 200
 190 192 196 196 199 201 202 204 205 206 207 207 206 206 205 204
 192 194 196 198 200 180  84  80 153 207 191  77 206 207 206 204
 193 194 197 199 201  92  88 122  34 141 185  45 206 207 205 204
 193 194 196 199 201  66 156 207 178  31 126  49 206 208 207 204
 192 195 197 199 201 128  30 166 208 154  22  56 207 124  72  73
 193 195 197 198 201 203 156 183 208 209 174 124 207  97  21  21
 192 195 146  91  86 116 190 208 209 209 210 210 208  92  22  22
 192 134  23  21  20  20  52 196 209 209 211 210 208  84  22  22
 190  48  22  94 120  46  22 139 208 210 210 210 208  76  22  22
 183  19  61 198 200 156  18  93 209 209 210 209 208  77  22  22
 174  17  75 198 200 177  19  82 208 208 209 209 208  81  25  22
 170  17  77 196 199 172  18  82 206 207 208 208 207 197 201 197
 166  17  72 169 166 150  19  71 165 167 169 174 206 205 205 204
 169  17  20  21  21  22  21  22  21  22  22  39 205 205 204 202
 183  46  48  48  44  56  52  48  59  52  59  83 205 204 203 201
 187 188 189 193 196 197 200 199 201 202 203 206 203 201 199 199
 186 193 193 198 200 202 202 203 206 208 208 202 209 208 206 206
 188 193 196 199 200 182  95  83 158 205 194 102 203 209 207 206
 190 194 196 199 201 105  98 128  44 146 188  68 202 208 208 207
 191 195 197 199 202  78 160 203 173  50 136  73 202 206 198 201
 191 195 196 200 201 128  46 183 211 155  34  71 205 135  75  80
 193 194 197 197 200 202 156 187 211 212 179 138 208 110  21  22
 193 191 149  94  92 129 194 208 211 214 215 214 214 109  21  22
 191 140  27  22  24  21  63 200 211 212 214 215 212 115  21  22
 191  52  26 104 118  58  21 153 212 213 214 213 213 111  20  22
 180  31  65 192 202 147  23 105 208 212 213 214 211 111  21  22
 167  32  94 197 203 172  34  97 206 212 214 214 213 108  29  24
 165  29 104 197 201 168  32 102 205 211 212 212 212 195 202 201
 159  25  84 176 179 151  26  93 177 176 183 193 208 211 208 206
 163  24  20  22  22  20  22  22  21  22  22  68 202 209 207 206
 180  49  56  41  40  52  51  53  61  63  58  92 203 208 208 206
 189 191 195 193 193 194 199 203 204 203 203 201 205 204 207 203

 203 204 203 203  73  22  22  22  22  22  24 199 205 205 202 200
 203 205 205 206  71  21  20  20  20  21  28 201 206 206 205 201
 205 206 207 208 122  95  89  87  84  85  88 197 208 207 204 202
 205 205 205 204 207 209 208 210 210 210 209 209 207 207 205 203
 205  82  44  48  59 125 211 212 211 210 211 209 175  60  97 201
 204 193 187 135  23 175 210 211 212 211 210 208 166  22  68 202
 206 208 147  36 152 209 209 211 210 210 209 208 165  21  64 201
 204 158  38 174 208 210 208 208 209 207 206 204 162  20  66 200
 202  86 120 206 169 184 208 195 139  89  78  78  68  22  56 198
 202  91  86 157  34 154 192  54  21  20  23  21  20  22  56 198
 201 184  94  68 127 203 121  21  51 160 181 177 146  21  60 197
 198 199 200 202 202 201  88  20 119 201 202 200 163  21  49 194
 196 199 198 199 200 200  92  22  95 197 197 197 167  21  51 192
 195 197 197 197 197 198 151  23  22  57  73  70  67  22  55 192
 193 195 194 196 196 196 195 140  53  26  28  26  25  23  55 189
 188 191 191 192 193 194 193 194 192 184 175 171 167 170 185 188
 204 204 204 204  73  21  22  22  22  22  22 197 204 202 201 199
 205 206 205 207  72  21  22  22  22  22  25 201 205 204 203 199
 206 207 207 208 124  97  92  84  76  77  81 197 205 205 204 201
 206 206 206 206 207 207 208 208 208 208 208 207 206 205 205 203
 207  77  45  49  56 124 210 210 210 209 209 208 174  39  83 206
 207 191 185 126  22 174 210 211 210 210 209 208 169  22  59 203
 206 207 141  31 154 209 209 209 210 209 208 207 167  22  52 202
 205 153  34 178 208 208 209 209 208 209 208 206 165  21  59 201
 204  80 122 207 166 183 208 196 139  93  82  82  71  22  48 199
 202  84  88 156  30 156 190  52  22  18  19  18  19  21  52 200
 201 180  92  66 128 203 116  20  46 156 177 172 150  22  56 197
 199 200 201 201 201 201  86  20 120 200 200 199 166  21  44 196
 196 198 199 199 199 198  91  21  94 198 198 196 169  21  48 193
 196 196 197 196 197 197 146  23  22  61  75  77  72  20  48 189
 192 194 194 194 195 195 195 134  48  19  17  17  17  17  46 188
 190 192 193 193 192 193 192 192 190 183 174 170 166 169 183 187
 206 206 207 201  80  22  22  22  22  22  24 201 206 206 206 203
 206 207 208 198  75  21  21  21  20  21  29 202 208 207 208 207
 208 209 208 206 135 110 109 115 111 111 108 195 211 209 208 204
 209 203 202 202 205 208 214 212 213 211 213 212 208 202 203 205
 202 102  68  73  71 138 214 215 213 214 214 212 193  68  92 201
 208 194 188 136  34 179 215 214 214 213 214 212 183  22  58 203
 208 205 146  50 155 212 214 212 213 212 212 211 176  22  63 203
 206 158  44 173 211 211 211 211 212 208 206 205 177  21  61 204
 203  83 128 203 183 187 208 200 153 105  97 102  93  22  53 203
 202  95  98 160  46 156 194  63  21  23  34  32  26  22  51 199
 202 182 105  78 128 202 129  21  58 147 172 168 151  20  52 194
 200 200 201 202 201 200  92  24 118 202 203 201 179  22  40 193
 198 199 199 199 200 197  94  22 104 192 197 197 176  22  41 193
 193 196 196 197 196 197 149  27  26  65  94 104  84  20  56 195
 193 193 194 195 195 194 191 140  52  31  32  29  25  24  49 191
 186 188 190 191 191 193 193 191 191 180 167 165 159 163 180 189

 200 201 202 203 201 202 201 200 198 198 197 194 192 192 189 188
 202 205 204 205  97  68  64  66  56  56  60  49  51  55  55 185
 205 206 207 207  60  22  21  20  22  22  21  21  21  22  23 170
 205 206 208 207 175 166 165 162  68  20 146 163 167  67  25 167
 199 201 197 209 209 208 208 204  78  21 177 200 197  70  26 171
  24  28  88 209 211 210 209 206  78  23 181 202 197  73  28 175
  22  21  85 210 210 211 210 207  89  20 160 201 197  57  26 184
  22  20  84 210 211 212 210 209 139  21  51 119  95  22  53 192
  22  20  87 210 212 211 211 208 195  54  21  20  22  23 140 194
  22  20  89 208 211 210 209 208 208 192 121  88  92 151 195 193
  22  21  95 209 125 175 209 210 184 154 203 201 200 198 196 194
  73  71 122 207  59  23 152 208 169  34 127 202 200 197 196 193
 203 206 208 204  48 135  36 174 206 157  68 202 199 197 196 192
 203 205 207 205  44 187 147  38 120  86  94 200 198 197 194 191
 204 205 206 205  82 193 208 158  86  91 184 199 199 197 195 191
 203 203 205 205 205 204 206 204 202 202 201 198 196 195 193 188
 199 199 201 203 206 203 202 201 199 200 197 196 193 189 188 187
 201 203 204 205  83  59  52  59  48  52  56  44  48  48  46 183
 202 204 205 205  39  22  22  21  22  21  22  21  21  20  17 169
 204 205 205 206 174 169 167 165  71  19 150 166 169  72  17 166
 197 201 197 207 208 208 207 206  82  18 172 199 196  77  17 170
  22  25  81 208 209 209 208 208  82  19 177 200 198  75  17 174
  22  22  77 208 209 210 209 209  93  18 156 200 198  61  19 183
  22  22  76 208 210 210 210 208 139  22  46 120  94  22  48 190
  22  22  84 208 210 211 209 209 196  52  20  20  21  23 134 192
  22  22  92 208 210 210 209 209 208 190 116  86  91 146 195 192
  21  21  97 207 124 174 209 208 183 156 203 201 198 197 195 193
  73  72 124 207  56  22 154 208 166  30 128 201 199 197 195 192
 204 207 208 206  49 126  31 178 207 156  66 201 199 196 194 193
 204 205 207 206  45 185 141  34 122  88  92 201 199 197 194 193
 204 206 207 206  77 191 207 153  80  84 180 200 198 196 194 192
 204 205 206 206 207 207 206 205 204 202 201 199 196 196 192 190
 203 207 204 205 201 203 203 204 203 199 194 193 193 195 191 189
 206 208 208 203  92  58  63  61  53  51  52  40  41  56  49 180
 206 207 209 202  68  22  22  21  22  22  20  22  22  20  24 163
 206 208 211 208 193 183 176 177  93  26 151 179 176  84  25 159
 201 202 195 212 212 212 211 205 102  32 168 201 197 104  29 165
  24  29 108 213 214 214 212 206  97  34 172 203 197  94  32 167
  22  21 111 211 214 213 212 208 105  23 147 202 192  65  31 180
  22  20 111 213 213 214 213 212 153  21  58 118 104  26  52 191
  22  21 115 212 215 214 212 211 200  63  21  24  22  27 140 191
  22  21 109 214 214 215 214 211 208 194 129  92  94 149 191 193
  22  21 110 208 138 179 212 211 187 156 202 200 197 197 194 193
  80  75 135 205  71  34 155 211 183  46 128 201 200 196 195 191
 201 198 206 202  73 136  50 173 203 160  78 202 199 197 195 191
 207 208 208 202  68 188 146  44 128  98 105 201 199 196 194 190
 206 207 209 203 102 194 205 158  83  95 182 200 199 196 193 188
 206 206 208 209 202 208 208 206 203 202 202 200 198 193 193 186

