 187 185 170 167 170 174 183 192 193 194 193 194 192 193 190 189
 189  53  23  25  25  28  26  52 140 194 196 196 195 195 194 193
 191  54  21  67  72  74  57  23  23 150 198 198 197 197 196 194
 192  51  21 168 198 197 196  96  21  92 199 201 200 198 198 197
 195  50  20 164 201 202 200 121  20  87 202 202 201 201 199 199
 198  60  22 148 178 181 158  50  21 123 203 137  67 100 192 201
 198  56  22  20  23  25  18  21  54 190 170  26 151  71 110 202
 199  55  23  68  76  78  89 140 196 207 120  64 138 146 190 204
 200  66  20 163 205 206 206 208 209 209 109  33  96  41 135 205
 202  64  21 164 208 208 210 210 210 209 119  94 205 129  72 204
 202  67  22 167 206 210 211 211 211 211 163  39 195  99  86 205
 201 100  59 176 209 209 210 210 211 210 208 108  40  57 187 205
 202 205 206 207 209 210 209 210 210 209 208 207 198 203 206 203
 201 205 207 208 197  86  83  83  90  94  96 124 206 208 206 205
 202 204 206 204 199  27  21  20  20  22  21  73 206 204 205 204
 199 203 205 204 198  25  22  22  22  22  22  74 204 204 204 202
 186 184 168 165 170 173 182 191 193 192 193 192 193 193 191 190
 188  47  17  18  17  18  18  48 134 195 196 195 195 194 193 192
 188  47  20  74  79  76  62  22  22 146 197 197 197 197 196 195
 193  48  22 170 197 197 198  96  21  89 198 199 199 199 198 197
 196  45  21 167 199 200 200 120  20  87 201 201 201 200 200 199
 197  55  22 151 173 177 156  46  22 118 203 139  66  96 190 200
 201  51  21  19  18  20  17  22  52 189 173  24 148  73 104 203
 199  47  22  71  84  82  94 139 197 207 119  62 135 145 200 204
 201  59  21 164 205 209 208 208 208 208 108  33  86  40 132 205
 201  52  22 167 206 208 209 210 209 209 118  93 208 131  68 205
 204  59  22 170 208 209 209 210 209 210 163  38 195 101  83 206
 205  82  39 175 208 209 209 210 209 210 208 105  38  51 183 207
 203 204 205 206 207 208 208 208 209 209 208 206 201 207 207 207
 202 204 204 206 196  80  77  76  83  91  95 124 208 207 207 206
 201 203 204 205 201  26  22  22  22  22  21  72 207 206 206 205
 199 201 203 204 197  22  22  22  22  22  21  74 204 204 204 203
 192 179 163 160 164 168 178 190 191 193 192 192 190 190 189 186
 193  48  23  26  29  31  31  52 141 191 195 195 194 194 195 193
 194  55  22  86 103  95  66  27  27 149 196 198 197 196 195 195
 194  41  21 177 197 197 192 106  22  96 199 200 200 199 199 196
 195  38  20 180 202 202 203 120  23  93 199 202 201 201 201 200
 195  53  20 153 169 172 147  55  20 129 204 137  79 109 187 201
 197  52  21  26  32  34  24  21  65 193 170  38 156  82 118 202
 202  54  21  96  99  96 105 152 201 207 126  69 137 144 189 205
 204  63  21 184 205 206 208 211 212 211 115  35 114  56 133 206
 204  64  22 176 209 211 211 211 212 212 127  96 203 135  82 204
 202  55  22 183 211 214 212 213 215 214 169  56 190 104  91 206
 201  96  71 192 212 213 214 213 215 214 207 112  66  70 184 207
 204 204 202 208 212 211 212 212 212 212 212 207 196 202 208 208
 203 207 209 208 194 107 109 110 114 108 110 135 207 209 208 208
 204 207 207 209 201  27  20  20  21  21  21  76 198 208 207 207
 202 205 206 207 200  25  22  22  22  22  22  80 198 206 205 205

 189 193 194 197 199 201 202 204 205 204 205 205 203 205 204 202
 190 194 196 198 199 192 110 190 135  72  86 187 206 206 205 204
 193 195 197 198 201 100  71 146  41 129  99  57 203 208 204 204
 192 195 197 200 201  67 151 138  96 205 195  40 198 206 206 204
 194 196 198 201 202 137  26  64  33  94  39 108 207 124  73  74
 193 196 198 199 202 203 170 120 109 119 163 208 208  96  21  22
 194 194 150  92  87 123 190 207 209 209 211 210 209  94  22  22
 193 140  23  21  20  21  54 196 209 210 211 211 210  90  20  22
 192  52  23  96 121  50  21 140 208 210 211 210 210  83  20  22
 183  26  57 196 200 158  18  89 206 210 211 210 209  83  21  22
 174  28  74 197 202 181  25  78 206 208 210 209 210  86  27  25
 170  25  72 198 201 178  23  76 205 208 206 209 209 197 199 198
 167  25  67 168 164 148  20  68 163 164 167 176 207 208 204 204
 170  23  21  21  20  22  22  23  20  21  22  59 206 207 206 205
 185  53  54  51  50  60  56  55  66  64  67 100 205 205 204 203
 187 189 191 192 195 198 198 199 200 202 202 201 202 201 202 199
 190 192 195 197 199 200 203 204 205 205 206 207 207 206 205 203
 191 193 196 198 200 190 104 200 132  68  83 183 207 207 206 204
 193 194 197 199 200  96  73 145  40 131 101  51 207 207 206 204
 193 195 197 199 201  66 148 135  86 208 195  38 201 208 207 204
 192 195 197 199 201 139  24  62  33  93  38 105 206 124  72  74
 193 196 197 198 201 203 173 119 108 118 163 208 208  95  21  21
 192 195 146  89  87 118 189 207 208 209 210 210 209  91  22  22
 193 134  22  21  20  22  52 197 208 209 209 209 209  83  22  22
 191  48  22  96 120  46  22 139 208 210 210 210 208  76  22  22
 182  18  62 198 200 156  17  94 208 209 209 209 208  77  22  22
 173  18  76 197 200 177  20  82 209 208 209 209 208  80  26  22
 170  17  79 197 199 173  18  84 205 206 208 208 207 196 201 197
 165  18  74 170 167 151  19  71 164 167 170 175 206 206 205 204
 168  17  20  22  21  22  21  22  21  22  22  39 205 204 204 203
 184  47  47  48  45  55  51  47  59  52  59  82 204 204 203 201
 186 188 188 193 196 197 201 199 201 201 204 205 203 202 201 199
 186 193 195 196 200 201 202 205 206 204 206 207 208 208 207 205
 189 195 195 199 201 187 118 189 133  82  91 184 208 208 207 205
 190 194 196 199 201 109  82 144  56 135 104  70 202 209 208 206
 190 194 197 200 201  79 156 137 114 203 190  66 196 207 198 198
 192 195 198 200 202 137  38  69  35  96  56 112 207 135  76  80
 192 195 196 199 199 204 170 126 115 127 169 207 212 110  21  22
 193 191 149  96  93 129 193 207 211 212 214 214 212 108  21  22
 191 141  27  22  23  20  65 201 212 212 215 215 212 114  21  22
 190  52  27 106 120  55  21 152 211 211 213 213 212 110  20  22
 178  31  66 192 203 147  24 105 208 211 212 214 212 109  20  22
 168  31  95 197 202 172  34  96 206 211 214 213 211 107  27  25
 164  29 103 197 202 169  32  99 205 209 211 212 212 194 201 200
 160  26  86 177 180 153  26  96 184 176 183 192 208 208 209 207
 163  23  22  21  20  20  21  21  21  22  22  71 202 209 207 206
 179  48  55  41  38  53  52  54  63  64  55  96 204 207 207 205
 192 193 194 194 195 195 197 202 204 204 202 201 204 203 204 202

 202 204 204 204  74  22  22  22  22  22  25 198 204 205 203 199
 204 205 204 206  73  21  22  20  20  21  27 199 204 206 204 202
 205 206 208 206 124  96  94  90  83  83  86 197 208 207 205 201
 203 206 203 198 207 208 209 210 210 209 210 209 207 206 205 202
 205 187  57  40 108 208 210 211 210 210 209 209 176  59 100 201
 205  86  99 195  39 163 211 211 211 211 210 206 167  22  67 202
 204  72 129 205  94 119 209 210 210 210 208 208 164  21  64 202
 205 135  41  96  33 109 209 209 208 206 206 205 163  20  66 200
 204 190 146 138  64 120 207 196 140  89  78  76  68  23  55 199
 202 110  71 151  26 170 190  54  21  18  25  23  20  22  56 198
 201 192 100  67 137 203 123  21  50 158 181 178 148  22  60 198
 199 199 201 201 202 202  87  20 121 200 202 201 164  20  50 195
 197 198 198 200 201 199  92  21  96 196 197 198 168  21  51 192
 194 196 197 197 198 198 150  23  23  57  74  72  67  21  54 191
 193 194 195 195 196 196 194 140  52  26  28  25  25  23  53 189
 189 190 193 192 194 193 194 193 192 183 174 170 167 170 185 187
 203 204 204 204  74  21  22  22  22  22  22 197 204 203 201 199
 205 206 206 207  72  21  22  22  22  22  26 201 205 204 203 201
 206 207 207 208 124  95  91  83  76  77  80 196 206 204 204 202
 207 207 207 201 206 208 209 209 208 208 208 207 206 205 204 203
 207 183  51  38 105 208 210 209 210 209 209 208 175  39  82 205
 206  83 101 195  38 163 210 209 210 209 209 208 170  22  59 204
 205  68 131 208  93 118 209 209 210 209 208 206 167  22  52 201
 205 132  40  86  33 108 208 208 208 208 209 205 164  21  59 201
 204 200 145 135  62 119 207 197 139  94  82  84  71  22  47 199
 203 104  73 148  24 173 189  52  22  17  20  18  19  21  51 201
 200 190  96  66 139 203 118  22  46 156 177 173 151  22  55 197
 199 200 200 201 201 201  87  20 120 200 200 199 167  21  45 196
 197 198 199 199 199 198  89  21  96 198 197 197 170  22  48 193
 195 196 197 197 197 197 146  22  22  62  76  79  74  20  47 188
 192 193 194 195 195 196 195 134  48  18  18  17  18  17  47 188
 190 191 193 193 192 193 192 193 191 182 173 170 165 168 184 186
 205 205 206 198  80  22  22  22  22  22  25 200 207 206 205 202
 207 207 208 198  76  21  21  21  20  20  27 201 209 207 207 204
 208 208 209 207 135 110 108 114 110 109 107 194 208 209 207 203
 208 208 202 196 207 212 212 212 212 212 211 212 208 202 204 204
 207 184  70  66 112 207 214 215 213 214 213 212 192  71  96 201
 206  91 104 190  56 169 214 215 213 212 214 211 183  22  55 202
 204  82 135 203  96 127 212 212 211 211 211 209 176  22  64 204
 206 133  56 114  35 115 211 212 211 208 206 205 184  21  63 204
 205 189 144 137  69 126 207 201 152 105  96  99  96  21  54 202
 202 118  82 156  38 170 193  65  21  24  34  32  26  21  52 197
 201 187 109  79 137 204 129  20  55 147 172 169 153  20  53 195
 200 201 201 201 202 199  93  23 120 203 202 202 180  20  38 195
 196 199 199 200 200 199  96  22 106 192 197 197 177  21  41 194
 195 195 196 197 198 196 149  27  27  66  95 103  86  22  55 194
 193 195 194 194 195 195 191 141  52  31  31  29  26  23  48 193
 186 189 190 190 192 192 193 191 190 178 168 164 160 163 179 192

 199 202 201 202 201 202 202 200 199 198 198 195 192 191 189 187
 203 204 205 205 100  67  64  66  55  56  60  50  51  54  53 185
 205 206 207 206  59  22  21  20  23  22  22  20  21  21  23 170
 204 204 208 207 176 167 164 163  68  20 148 164 168  67  25 167
 198 199 197 209 209 206 208 205  76  23 178 201 198  72  25 170
  25  27  86 210 209 210 208 206  78  25 181 202 197  74  28 174
  22  21  83 209 210 211 210 206  89  18 158 200 196  57  26 183
  22  20  83 210 210 211 210 208 140  21  50 121  96  23  52 192
  22  20  90 210 211 211 210 209 196  54  21  20  21  23 140 193
  22  22  94 209 210 211 209 209 207 190 123  87  92 150 194 194
  22  21  96 208 208 163 119 109 120 170 203 202 199 198 196 193
  74  73 124 207 108  39  94  33  64  26 137 202 201 198 196 194
 204 206 206 198  40 195 205  96 138 151  67 201 200 197 195 192
 204 204 208 203  57  99 129  41 146  71 100 201 198 197 195 193
 204 205 206 206 187  86  72 135 190 110 192 199 198 196 194 190
 202 204 205 203 205 205 204 205 204 202 201 199 197 194 193 189
 199 201 202 203 205 204 201 201 199 201 197 196 193 188 188 186
 201 203 204 204  82  59  52  59  47  51  55  45  48  47  47 184
 203 204 204 205  39  22  22  21  22  21  22  21  22  20  17 168
 204 205 206 206 175 170 167 164  71  19 151 167 170  74  18 165
 197 201 196 207 208 208 206 205  84  18 173 199 197  79  17 170
  22  26  80 208 209 209 208 209  82  20 177 200 197  76  18 173
  22  22  77 208 209 209 209 208  94  17 156 200 198  62  18 182
  22  22  76 208 210 210 210 208 139  22  46 120  96  22  48 191
  22  22  83 209 209 209 209 208 197  52  22  20  21  22 134 193
  22  22  91 209 210 210 209 208 207 189 118  87  89 146 195 192
  21  21  95 208 208 163 118 108 119 173 203 201 198 197 196 193
  74  72 124 206 105  38  93  33  62  24 139 201 199 197 195 192
 204 207 208 201  38 195 208  86 135 148  66 201 199 197 195 193
 204 206 207 207  51 101 131  40 145  73  96 200 199 197 194 193
 204 206 207 207 183  83  68 132 200 104 190 200 198 196 193 191
 203 205 206 207 207 206 205 205 204 203 200 199 197 195 192 190
 202 204 203 204 201 202 204 204 202 197 195 195 194 194 193 192
 205 207 207 204  96  55  64  63  54  52  53  38  41  55  48 179
 206 207 209 202  71  22  22  21  21  21  20  20  21  22  23 163
 207 209 208 208 192 183 176 184  96  26 153 180 177  86  26 160
 200 201 194 212 212 211 209 205  99  32 169 202 197 103  29 164
  25  27 107 211 213 214 211 206  96  34 172 202 197  95  31 168
  22  20 109 212 214 212 211 208 105  24 147 203 192  66  31 178
  22  20 110 212 213 213 211 211 152  21  55 120 106  27  52 190
  22  21 114 212 215 215 212 212 201  65  20  23  22  27 141 191
  22  21 108 212 214 214 212 211 207 193 129  93  96 149 191 193
  22  21 110 212 207 169 127 115 126 170 204 199 199 196 195 192
  80  76 135 207 112  56  96  35  69  38 137 202 200 198 195 192
 198 198 207 196  66 190 203 114 137 156  79 201 200 197 194 190
 206 208 209 202  70 104 135  56 144  82 109 201 199 196 194 190
 205 207 208 208 184  91  82 133 189 118 187 201 199 195 195 189
 205 207 208 208 207 206 204 206 205 202 201 200 196 195 193 186

