 185 170 164 160 152 154 163 185 194 193 194 193 194 193 191 189
 187  77  25  26  27  26  23  43 113 195 197 198 197 195 194 193
 189  71  21  81 100  98  78  27  22 118 197 198 198 198 196 196
 192  65  23 142 199 199 200 129  21  67 200 200 201 199 197 197
 192  82  20 134 201 201 201 142  20  66 200 201 200 200 199 199
 196  78  22 113 170 164 142  55  21 104 202 112  55  79 182 200
 197  76  22  21  21  19  21  21  55 187 172  20 175  82  99 201
 197  79  22  78 103 101 105 139 205 208 189  36 118  52 120 204
 199  90  22 143 205 207 209 208 209 209 208  77  35  23 171 204
 198  85  22 145 207 209 210 210 211 211 150  45 191 116  60 205
 202  76  22 145 207 210 209 211 211 211 158  52 181 117  49 208
 200 122  79 168 210 210 210 210 211 210 203 101  41  56 172 205
 202 205 206 207 209 210 209 209 209 209 209 206 203 205 205 205
 201 204 208 209 210 208 181  73  73  77 198 209 208 206 205 204
 197 204 205 206 208 207 162  18  22  24 181 208 208 206 205 204
 195 202 204 204 205 205 152  18  22  23 185 206 206 205 205 203
 186 167 158 157 141 144 155 182 193 192 193 192 193 192 191 190
 188  67  18  19  17  17  17  36 108 193 195 195 195 195 194 193
 192  68  20  83 105 100  83  27  22 114 198 197 197 197 196 195
 192  63  21 146 197 198 198 128  20  64 197 200 199 199 198 197
 194  80  21 135 198 200 200 143  20  65 200 201 200 201 200 200
 196  73  21 115 169 158 138  52  21  98 202 113  51  76 179 200
 199  66  22  21  17  16  19  21  54 187 171  19 173  83  90 203
 199  66  22  80 107 105 110 138 207 207 189  36 114  51 113 206
 202  84  22 145 206 207 208 209 208 209 208  80  32  24 168 205
 202  78  22 144 207 209 210 209 209 210 150  40 185 118  58 205
 204  70  22 146 208 209 209 210 210 210 157  50 183 124  43 206
 204 112  70 167 208 209 210 210 209 209 205  99  42  52 166 207
 202 204 206 207 208 208 209 209 209 208 208 209 208 208 206 207
 201 203 204 205 206 208 178  65  68  73 197 208 208 208 208 205
 198 202 204 205 205 206 158  18  22  22 180 207 207 206 207 206
 197 200 203 203 204 204 151  17  22  22 183 204 205 205 204 203
 189 162 151 152 147 152 162 179 191 193 193 191 192 192 192 189
 190  70  27  27  30  30  29  45 109 190 195 193 195 194 194 193
 190  65  23  91 115 116  89  33  21 122 194 198 197 197 195 195
 197  59  21 155 197 200 200 131  23  69 193 199 199 199 199 198
 197  75  22 161 200 202 202 140  25  71 196 202 200 199 200 200
 199  72  21 122 153 161 139  58  21 119 199 109  64  84 177 202
 198  72  21  24  32  30  28  22  61 186 171  32 179  98  96 204
 201  78  22  93 121 118 120 161 203 210 189  47 125  60 119 202
 200  78  22 152 208 209 210 212 213 212 210  81  40  32 169 205
 201  81  22 151 210 212 212 212 214 213 149  55 189 124  67 203
 201  70  22 163 211 213 213 214 214 214 157  66 180 119  61 206
 200 118  77 187 213 213 213 214 216 215 206 113  59  68 171 206
 205 208 208 209 211 213 213 212 212 212 212 207 202 204 209 208
 205 208 210 211 211 213 187  85  86  92 199 211 210 208 209 209
 208 208 207 208 209 209 167  26  22  35 188 209 207 208 208 207
 202 206 206 208 208 207 157  29  22  29 191 208 208 207 207 207

 189 193 196 197 199 200 201 204 204 205 208 205 205 204 204 203
 191 194 196 197 199 182  99 120 171  60  49 172 205 205 205 205
 193 195 198 199 200  79  82  52  23 116 117  56 205 206 206 205
 194 197 198 201 200  55 175 118  35 191 181  41 203 208 208 206
 193 198 198 200 201 112  20  36  77  45  52 101 206 209 208 206
 194 197 197 200 200 202 172 189 208 150 158 203 209 198 181 185
 193 195 118  67  66 104 187 208 209 211 211 210 209  77  24  23
 194 113  22  21  20  21  55 205 209 211 211 211 209  73  22  22
 185  43  27 129 142  55  21 139 208 210 211 210 209  73  18  18
 163  23  78 200 201 142  21 105 209 210 209 210 209 181 162 152
 154  26  98 199 201 164  19 101 207 209 210 210 210 208 207 205
 152  27 100 199 201 170  21 103 205 207 207 210 209 210 208 205
 160  26  81 142 134 113  21  78 143 145 145 168 207 209 206 204
 164  25  21  23  20  22  22  22  22  22  22  79 206 208 205 204
 170  77  71  65  82  78  76  79  90  85  76 122 205 204 204 202
 185 187 189 192 192 196 197 197 199 198 202 200 202 201 197 195
 190 193 195 197 200 200 203 206 205 205 206 207 207 205 206 203
 191 194 196 198 200 179  90 113 168  58  43 166 206 208 207 204
 192 195 197 199 201  76  83  51  24 118 124  52 208 208 206 205
 193 195 197 199 200  51 173 114  32 185 183  42 208 208 207 205
 192 195 197 200 201 113  19  36  80  40  50  99 209 208 207 204
 193 195 198 197 200 202 171 189 208 150 157 205 208 197 180 183
 192 193 114  64  65  98 187 207 209 210 210 209 208  73  22  22
 193 108  22  20  20  21  54 207 208 209 210 209 209  68  22  22
 182  36  27 128 143  52  21 138 209 209 210 210 209  65  18  17
 155  17  83 198 200 138  19 110 208 210 209 210 209 178 158 151
 144  17 100 198 200 158  16 105 207 209 209 209 208 208 206 204
 141  17 105 197 198 169  17 107 206 207 208 208 208 206 205 204
 157  19  83 146 135 115  21  80 145 144 146 167 207 205 205 203
 158  18  20  21  21  21  22  22  22  22  22  70 206 204 204 203
 167  67  68  63  80  73  66  66  84  78  70 112 204 203 202 200
 186 188 192 192 194 196 199 199 202 202 204 204 202 201 198 197
 189 193 195 198 200 202 204 202 205 203 206 206 208 209 207 207
 192 194 195 199 200 177  96 119 169  67  61 171 209 209 208 207
 192 194 197 199 199  84  98  60  32 124 119  68 204 208 208 207
 192 195 197 199 200  64 179 125  40 189 180  59 202 210 207 208
 191 193 198 199 202 109  32  47  81  55  66 113 207 211 209 208
 193 195 194 193 196 199 171 189 210 149 157 206 212 199 188 191
 193 190 122  69  71 119 186 210 212 213 214 215 212  92  35  29
 191 109  21  23  25  21  61 203 213 214 214 216 212  86  22  22
 179  45  33 131 140  58  22 161 212 212 214 214 212  85  26  29
 162  29  89 200 202 139  28 120 210 212 213 213 213 187 167 157
 152  30 116 200 202 161  30 118 209 212 213 213 213 213 209 207
 147  30 115 197 200 153  32 121 208 210 211 213 211 211 209 208
 152  27  91 155 161 122  24  93 152 151 163 187 209 211 208 208
 151  27  23  21  22  21  21  22  22  22  22  77 208 210 207 206
 162  70  65  59  75  72  72  78  78  81  70 118 208 208 208 206
 189 190 190 197 197 199 198 201 200 201 201 200 205 205 208 202

 203 205 205 206 206 185  23  22  18 152 205 205 204 204 202 195
 204 205 206 208 208 181  24  22  18 162 207 208 206 205 204 197
 204 205 206 208 209 198  77  73  73 181 208 210 209 208 204 201
 205 205 205 203 206 209 209 209 209 209 210 209 207 206 205 202
 205 172  56  41 101 203 210 211 210 210 210 210 168  79 122 200
 208  49 117 181  52 158 211 211 211 209 210 207 145  22  76 202
 205  60 116 191  45 150 211 211 210 210 209 207 145  22  85 198
 204 171  23  35  77 208 209 209 208 209 207 205 143  22  90 199
 204 120  52 118  36 189 208 205 139 105 101 103  78  22  79 197
 201  99  82 175  20 172 187  55  21  21  19  21  21  22  76 197
 200 182  79  55 112 202 104  21  55 142 164 170 113  22  78 196
 199 199 200 200 201 200  66  20 142 201 201 201 134  20  82 192
 197 197 199 201 200 200  67  21 129 200 199 199 142  23  65 192
 196 196 198 198 198 197 118  22  27  78  98 100  81  21  71 189
 193 194 195 197 198 197 195 113  43  23  26  27  26  25  77 187
 189 191 193 194 193 194 193 194 185 163 154 152 160 164 170 185
 203 204 205 205 204 183  22  22  17 151 204 204 203 203 200 197
 206 207 206 207 207 180  22  22  18 158 206 205 205 204 202 198
 205 208 208 208 208 197  73  68  65 178 208 206 205 204 203 201
 207 206 208 208 209 208 208 209 209 209 208 208 207 206 204 202
 207 166  52  42  99 205 209 209 210 210 209 208 167  70 112 204
 206  43 124 183  50 157 210 210 210 209 209 208 146  22  70 204
 205  58 118 185  40 150 210 209 209 210 209 207 144  22  78 202
 205 168  24  32  80 208 209 208 209 208 207 206 145  22  84 202
 206 113  51 114  36 189 207 207 138 110 105 107  80  22  66 199
 203  90  83 173  19 171 187  54  21  19  16  17  21  22  66 199
 200 179  76  51 113 202  98  21  52 138 158 169 115  21  73 196
 200 200 201 200 201 200  65  20 143 200 200 198 135  21  80 194
 197 198 199 199 200 197  64  20 128 198 198 197 146  21  63 192
 195 196 197 197 197 198 114  22  27  83 100 105  83  20  68 192
 193 194 195 195 195 195 193 108  36  17  17  17  19  18  67 188
 190 191 192 193 192 193 192 193 182 155 144 141 157 158 167 186
 207 207 207 208 208 191  29  22  29 157 207 208 208 206 206 202
 207 208 208 207 209 188  35  22  26 167 209 209 208 207 208 208
 209 209 208 210 211 199  92  86  85 187 213 211 211 210 208 205
 208 209 204 202 207 212 212 212 212 213 213 211 209 208 208 205
 206 171  68  59 113 206 215 216 214 213 213 213 187  77 118 200
 206  61 119 180  66 157 214 214 214 213 213 211 163  22  70 201
 203  67 124 189  55 149 213 214 212 212 212 210 151  22  81 201
 205 169  32  40  81 210 212 213 212 210 209 208 152  22  78 200
 202 119  60 125  47 189 210 203 161 120 118 121  93  22  78 201
 204  96  98 179  32 171 186  61  22  28  30  32  24  21  72 198
 202 177  84  64 109 199 119  21  58 139 161 153 122  21  72 199
 200 200 199 200 202 196  71  25 140 202 202 200 161  22  75 197
 198 199 199 199 199 193  69  23 131 200 200 197 155  21  59 197
 195 195 197 197 198 194 122  21  33  89 116 115  91  23  65 190
 193 194 194 195 193 195 190 109  45  29  30  30  27  27  70 190
 189 192 192 192 191 193 193 191 179 162 152 147 152 151 162 189

 195 197 201 202 200 202 198 199 197 197 196 192 192 189 187 185
 202 204 204 205 122  76  85  90  79  76  78  82  65  71  77 170
 204 205 208 206  79  22  22  22  22  22  22  20  23  21  25 164
 204 206 209 207 168 145 145 143  78  21 113 134 142  81  26 160
 205 208 210 209 210 207 207 205 103  21 170 201 199 100  27 152
 205 207 208 210 210 210 209 207 101  19 164 201 199  98  26 154
 152 162 181 209 210 209 210 209 105  21 142 201 200  78  23 163
  18  18  73 209 210 211 210 208 139  21  55 142 129  27  43 185
  22  22  73 209 211 211 211 209 205  55  21  20  21  22 113 194
  23  24  77 209 210 211 211 209 208 187 104  66  67 118 195 193
 185 181 198 209 203 158 150 208 189 172 202 200 200 197 197 194
 206 208 209 206 101  52  45  77  36  20 112 201 200 198 198 193
 206 208 208 203  41 181 191  35 118 175  55 200 201 198 197 194
 205 206 206 205  56 117 116  23  52  82  79 200 199 198 195 193
 205 205 205 205 172  49  60 171 120  99 182 199 197 196 194 191
 203 204 204 205 205 208 205 204 204 201 200 199 197 196 193 189
 197 198 201 202 204 204 202 202 199 199 196 194 192 192 188 186
 200 202 203 204 112  70  78  84  66  66  73  80  63  68  67 167
 203 204 204 206  70  22  22  22  22  22  21  21  21  20  18 158
 203 205 205 207 167 146 144 145  80  21 115 135 146  83  19 157
 204 205 206 208 208 208 207 206 107  17 169 198 197 105  17 141
 204 206 208 208 209 209 209 207 105  16 158 200 198 100  17 144
 151 158 178 209 210 209 210 208 110  19 138 200 198  83  17 155
  17  18  65 209 210 210 209 209 138  21  52 143 128  27  36 182
  22  22  68 209 209 210 209 208 207  54  21  20  20  22 108 193
  22  22  73 208 209 210 210 209 207 187  98  65  64 114 193 192
 183 180 197 208 205 157 150 208 189 171 202 200 197 198 195 193
 204 207 208 209  99  50  40  80  36  19 113 201 200 197 195 192
 205 207 208 208  42 183 185  32 114 173  51 200 199 197 195 193
 205 206 208 208  52 124 118  24  51  83  76 201 199 197 195 192
 204 207 208 206 166  43  58 168 113  90 179 200 198 196 194 191
 203 206 205 207 207 206 205 205 206 203 200 200 197 195 193 190
 202 208 205 205 200 201 201 200 201 198 199 197 197 190 190 189
 206 208 208 208 118  70  81  78  78  72  72  75  59  65  70 162
 206 207 210 208  77  22  22  22  22  21  21  22  21  23  27 151
 208 208 211 209 187 163 151 152  93  24 122 161 155  91  27 152
 208 209 211 211 213 211 210 208 121  32 153 200 197 115  30 147
 207 209 213 213 213 213 212 209 118  30 161 202 200 116  30 152
 157 167 187 213 213 213 212 210 120  28 139 202 200  89  29 162
  29  26  85 212 214 214 212 212 161  22  58 140 131  33  45 179
  22  22  86 212 216 214 214 213 203  61  21  25  23  21 109 191
  29  35  92 212 215 214 213 212 210 186 119  71  69 122 190 193
 191 188 199 212 206 157 149 210 189 171 199 196 193 194 195 193
 208 209 211 207 113  66  55  81  47  32 109 202 199 198 193 191
 208 207 210 202  59 180 189  40 125 179  64 200 199 197 195 192
 207 208 208 204  68 119 124  32  60  98  84 199 199 197 194 192
 207 208 209 209 171  61  67 169 119  96 177 200 199 195 194 192
 207 207 209 208 206 206 203 205 202 204 202 200 198 195 193 189

