 188 187 172 168 172 177 185 192 193 194 194 193 193 192 190 188
 190  55  23  25  26  27  26  53 141 195 197 196 196 195 193 194
 191  55  23  67  70  72  57  22  23 150 199 198 197 196 195 195
 193  52  22 165 197 197 196  96  21  92 199 201 199 199 198 197
 193  51  21 162 200 202 201 124  20  86 200 202 201 200 199 199
 197  60  21 146 176 180 159  50  20 120 144  76  82  87 109 198
 197  58  22  20  22  24  20  21  52 191 180 148 142  62 102 201
 197  58  22  66  76  77  86 139 193 209 208 208 202  33 183 204
 200  67  22 162 206 205 207 209 210 210 211 208 136  62 208 205
 202  65  21 164 209 209 209 211 212 210 211 209  62 132 207 206
 201  69  22 166 208 210 210 211 212 210 211 182  29 205 208 205
 201  99  59 176 209 211 211 210 211 211 209 125 109 208 207 205
 203 206 206 208 209 210 208 209 209 210 210 207 207 208 208 204
 202 205 207 209 208 209 166  88  91 104 206 209 208 206 207 206
 203 204 206 207 206 208 135  21  21  33 205 207 206 207 206 205
 200 203 204 205 205 206 131  21  22  25 205 207 206 205 205 202
 187 183 167 166 172 175 183 190 191 192 192 192 193 193 191 190
 188  47  17  17  17  18  19  49 134 194 195 196 195 194 194 193
 188  48  20  71  76  75  61  22  22 144 197 197 197 197 196 195
 193  49  22 167 196 198 197  97  20  88 198 199 199 199 197 197
 195  47  21 166 199 200 200 123  20  86 201 201 200 201 200 199
 197  56  21 150 174 178 158  46  21 116 138  70  76  82 101 199
 199  53  21  19  19  21  18  22  51 189 180 150 146  65  97 202
 198  50  22  70  82  82  92 137 195 208 208 206 201  33 171 204
 201  60  22 163 205 208 209 208 208 209 209 209 133  55 208 205
 202  52  21 166 207 209 209 209 209 209 209 208  60 124 207 206
 203  60  22 169 207 209 211 210 210 210 210 183  27 199 208 208
 203  82  40 175 208 209 209 209 210 210 210 122 101 209 208 208
 203 204 205 206 207 208 208 209 209 208 209 207 208 208 207 206
 202 204 205 205 206 208 163  80  86 103 205 208 208 207 207 207
 200 202 204 206 206 206 133  21  21  34 205 207 207 206 207 205
 199 201 203 204 205 204 129  21  22  24 203 205 206 205 204 203
 189 181 165 161 163 169 180 189 192 192 194 192 190 190 189 187
 192  49  24  27  29  32  31  50 141 192 196 195 194 194 194 192
 194  58  22  87 104  94  65  26  27 147 198 198 197 196 196 196
 194  42  20 174 196 200 192 106  23  96 198 199 199 198 199 198
 196  39  21 175 202 203 203 119  25  88 199 203 201 201 198 201
 195  54  20 154 167 172 148  57  21 127 145  91  90  94 114 199
 199  52  22  26  32  33  25  21  62 193 184 162 156  71 103 201
 203  54  20  91 101  95 101 150 199 208 209 210 200  41 184 205
 205  63  22 178 205 206 208 212 212 212 212 210 141  69 201 205
 204  64  22 175 210 210 213 213 214 214 213 212  75 130 206 208
 203  58  22 181 212 214 213 214 215 213 214 183  42 203 209 208
 203  95  66 190 213 213 213 214 215 215 213 135 120 207 209 208
 205 205 203 209 212 213 213 213 213 214 213 207 206 211 210 209
 204 208 210 211 211 213 172 108 114 123 205 211 211 210 209 209
 206 208 208 209 210 210 141  23  21  38 201 210 210 210 208 208
 204 205 206 207 208 207 136  21  22  37 200 208 208 207 207 207

 188 194 195 197 199 198 201 204 205 206 205 205 204 206 205 202
 190 193 195 198 199 109 102 183 208 207 208 207 208 207 206 205
 192 195 196 199 200  87  62  33  62 132 205 208 208 206 207 205
 193 196 197 199 201  82 142 202 136  62  29 109 207 208 206 206
 193 196 198 201 202  76 148 208 208 209 182 125 207 209 207 207
 194 197 199 199 200 144 180 208 211 211 211 209 210 206 205 205
 194 195 150  92  86 120 191 209 210 210 210 211 210 104  33  25
 193 141  23  21  20  20  52 193 210 212 212 211 209  91  21  22
 192  53  22  96 124  50  21 139 209 211 211 210 209  88  21  21
 185  26  57 196 201 159  20  86 207 209 210 211 208 166 135 131
 177  27  72 197 202 180  24  77 205 209 210 211 210 209 208 206
 172  26  70 197 200 176  22  76 206 209 208 209 209 208 206 205
 168  25  67 165 162 146  20  66 162 164 166 176 208 209 207 205
 172  23  23  22  21  21  22  22  22  21  22  59 206 207 206 204
 187  55  55  52  51  60  58  58  67  65  69  99 206 205 204 203
 188 190 191 193 193 197 197 197 200 202 201 201 203 202 203 200
 190 193 195 197 199 199 202 204 205 206 208 208 206 207 205 203
 191 194 196 197 200 101  97 171 208 207 208 208 207 207 207 204
 193 194 197 199 201  82  65  33  55 124 199 209 208 207 206 205
 193 195 197 199 200  76 146 201 133  60  27 101 208 208 207 206
 192 196 197 199 201  70 150 206 209 208 183 122 207 208 207 205
 192 195 197 198 201 138 180 208 209 209 210 210 209 205 205 203
 192 194 144  88  86 116 189 208 209 209 210 210 208 103  34  24
 191 134  22  20  20  21  51 195 208 209 210 210 209  86  21  22
 190  49  22  97 123  46  22 137 208 209 210 209 209  80  21  21
 183  19  61 197 200 158  18  92 209 209 211 209 208 163 133 129
 175  18  75 198 200 178  21  82 208 209 209 209 208 208 206 204
 172  17  76 196 199 174  19  82 205 207 207 208 207 206 206 205
 166  17  71 167 166 150  19  70 163 166 169 175 206 205 206 204
 167  17  20  22  21  21  21  22  22  21  22  40 205 205 204 203
 183  47  48  49  47  56  53  50  60  52  60  82 204 204 202 201
 187 188 188 193 195 197 199 198 201 202 203 203 203 202 200 199
 187 192 196 198 201 199 201 205 205 208 208 208 209 209 208 207
 189 194 196 199 198 114 103 184 201 206 209 209 210 209 208 207
 190 194 196 198 201  94  71  41  69 130 203 207 211 210 210 207
 190 194 197 199 201  90 156 200 141  75  42 120 206 211 210 208
 192 195 198 199 203  91 162 210 210 212 183 135 207 211 210 208
 194 196 198 198 199 145 184 209 212 213 214 213 213 205 201 200
 192 192 147  96  88 127 193 208 212 214 213 215 214 123  38  37
 192 141  27  23  25  21  62 199 212 214 215 215 213 114  21  22
 189  50  26 106 119  57  21 150 212 213 214 214 213 108  23  21
 180  31  65 192 203 148  25 101 208 213 213 213 213 172 141 136
 169  32  94 200 203 172  33  95 206 210 214 213 213 213 210 207
 163  29 104 196 202 167  32 101 205 210 212 213 212 211 210 208
 161  27  87 174 175 154  26  91 178 175 181 190 209 211 209 207
 165  24  22  20  21  20  22  20  22  22  22  66 203 210 208 206
 181  49  58  42  39  54  52  54  63  64  58  95 205 208 208 205
 189 192 194 194 196 195 199 203 205 204 203 203 205 204 206 204

 202 205 205 206 207 205  25  22  21 131 206 205 205 204 203 200
 205 206 207 206 207 205  33  21  21 135 208 206 207 206 204 203
 206 207 206 208 209 206 104  91  88 166 209 208 209 207 205 202
 204 208 208 207 207 210 210 209 209 208 210 209 208 206 206 203
 205 207 208 109 125 209 211 211 210 211 211 209 176  59  99 201
 205 208 205  29 182 211 210 212 211 210 210 208 166  22  69 201
 206 207 132  62 209 211 210 212 211 209 209 209 164  21  65 202
 205 208  62 136 208 211 210 210 209 207 205 206 162  22  67 200
 204 183  33 202 208 208 209 193 139  86  77  76  66  22  58 197
 201 102  62 142 148 180 191  52  21  20  24  22  20  22  58 197
 198 109  87  82  76 144 120  20  50 159 180 176 146  21  60 197
 199 199 200 201 202 200  86  20 124 201 202 200 162  21  51 193
 197 198 199 199 201 199  92  21  96 196 197 197 165  22  52 193
 195 195 196 197 198 199 150  23  22  57  72  70  67  23  55 191
 194 193 195 196 196 197 195 141  53  26  27  26  25  23  55 190
 188 190 192 193 193 194 194 193 192 185 177 172 168 172 187 188
 203 204 205 206 205 203  24  22  21 129 204 205 204 203 201 199
 205 207 206 207 207 205  34  21  21 133 206 206 206 204 202 200
 207 207 207 208 208 205 103  86  80 163 208 206 205 205 204 202
 206 207 208 208 207 209 208 209 209 208 208 207 206 205 204 203
 208 208 209 101 122 210 210 210 209 209 209 208 175  40  82 203
 208 208 199  27 183 210 210 210 210 211 209 207 169  22  60 203
 206 207 124  60 208 209 209 209 209 209 209 207 166  21  52 202
 205 208  55 133 209 209 209 208 208 209 208 205 163  22  60 201
 204 171  33 201 206 208 208 195 137  92  82  82  70  22  50 198
 202  97  65 146 150 180 189  51  22  18  21  19  19  21  53 199
 199 101  82  76  70 138 116  21  46 158 178 174 150  21  56 197
 199 200 201 200 201 201  86  20 123 200 200 199 166  21  47 195
 197 197 199 199 199 198  88  20  97 197 198 196 167  22  49 193
 195 196 197 197 197 197 144  22  22  61  75  76  71  20  48 188
 193 194 194 195 196 195 194 134  49  19  18  17  17  17  47 188
 190 191 193 193 192 192 192 191 190 183 175 172 166 167 183 187
 207 207 207 208 208 200  37  22  21 136 207 208 207 206 205 204
 208 208 210 210 210 201  38  21  23 141 210 210 209 208 208 206
 209 209 210 211 211 205 123 114 108 172 213 211 211 210 208 204
 209 210 211 206 207 213 214 213 213 213 213 212 209 203 205 205
 208 209 207 120 135 213 215 215 214 213 213 213 190  66  95 203
 208 209 203  42 183 214 213 215 214 213 214 212 181  22  58 203
 208 206 130  75 212 213 214 214 213 213 210 210 175  22  64 204
 205 201  69 141 210 212 212 212 212 208 206 205 178  22  63 205
 205 184  41 200 210 209 208 199 150 101  95 101  91  20  54 203
 201 103  71 156 162 184 193  62  21  25  33  32  26  22  52 199
 199 114  94  90  91 145 127  21  57 148 172 167 154  20  54 195
 201 198 201 201 203 199  88  25 119 203 203 202 175  21  39 196
 198 199 198 199 199 198  96  23 106 192 200 196 174  20  42 194
 196 196 196 197 198 198 147  27  26  65  94 104  87  22  58 194
 192 194 194 194 195 196 192 141  50  31  32  29  27  24  49 192
 187 189 190 190 192 194 192 192 189 180 169 163 161 165 181 189

 200 203 202 203 201 201 202 200 197 197 197 193 193 191 190 188
 203 204 205 206  99  69  65  67  58  58  60  51  52  55  55 187
 204 206 207 206  59  22  21  22  22  22  21  21  22  23  23 172
 205 207 209 208 176 166 164 162  66  20 146 162 165  67  25 168
 205 206 208 209 209 208 209 206  76  22 176 200 197  70  26 172
 206 208 209 210 211 210 209 205  77  24 180 202 197  72  27 177
 131 135 166 208 211 210 209 207  86  20 159 201 196  57  26 185
  21  21  88 209 210 211 211 209 139  21  50 124  96  22  53 192
  22  21  91 209 211 212 212 210 193  52  20  20  21  23 141 193
  25  33 104 210 211 210 210 210 209 191 120  86  92 150 195 194
 205 205 206 210 209 211 211 211 208 180 144 200 199 199 197 194
 207 207 209 207 125 182 209 208 208 148  76 202 201 198 196 193
 206 206 208 207 109  29  62 136 202 142  82 201 199 197 196 193
 205 207 206 208 208 205 132  62  33  62  87 200 199 196 195 192
 205 206 207 208 207 208 207 208 183 102 109 199 198 195 193 190
 202 205 206 204 205 205 206 205 204 201 198 199 197 195 194 188
 199 200 202 203 203 203 202 201 198 199 197 195 193 188 188 187
 201 202 204 204  82  60  52  60  50  53  56  47  49  48  47 183
 203 204 205 205  40  22  21  22  22  21  21  21  22  20  17 167
 204 206 205 206 175 169 166 163  70  19 150 166 167  71  17 166
 205 206 206 207 208 207 207 205  82  19 174 199 196  76  17 172
 204 206 208 208 209 209 209 208  82  21 178 200 198  75  18 175
 129 133 163 208 209 211 209 209  92  18 158 200 197  61  19 183
  21  21  80 209 209 210 209 208 137  22  46 123  97  22  49 190
  22  21  86 209 210 210 209 208 195  51  21  20  20  22 134 191
  24  34 103 208 210 210 209 209 208 189 116  86  88 144 194 192
 203 205 205 209 210 210 209 209 208 180 138 201 198 197 195 192
 205 207 208 207 122 183 208 209 206 150  70 201 199 197 196 192
 206 207 208 208 101  27  60 133 201 146  76 200 199 197 195 193
 205 206 207 208 209 199 124  55  33  65  82 201 199 197 194 193
 204 207 207 207 208 208 207 208 171  97 101 200 197 196 194 191
 203 205 207 206 208 208 206 205 204 202 199 199 197 195 193 190
 204 206 204 205 203 203 204 205 203 199 195 196 194 194 192 189
 205 208 208 205  95  58  64  63  54  52  54  39  42  58  49 181
 206 208 210 203  66  22  22  22  20  22  20  21  20  22  24 165
 207 209 211 209 190 181 175 178  91  26 154 175 174  87  27 161
 208 210 211 212 213 212 210 205 101  32 167 202 196 104  29 163
 207 210 213 213 213 214 210 206  95  33 172 203 200  94  32 169
 136 141 172 213 213 213 213 208 101  25 148 203 192  65  31 180
  21  23 108 213 214 214 213 212 150  21  57 119 106  26  50 189
  22  21 114 213 215 215 214 212 199  62  21  25  23  27 141 192
  37  38 123 214 215 213 214 212 208 193 127  88  96 147 192 192
 200 201 205 213 213 214 213 212 209 184 145 199 198 198 196 194
 208 210 211 207 135 183 212 210 210 162  91 203 199 198 195 192
 208 210 211 206 120  42  75 141 200 156  90 201 199 197 194 190
 207 210 210 211 207 203 130  69  41  71  94 201 198 196 194 190
 207 208 209 210 209 209 206 201 184 103 114 198 199 196 194 189
 207 208 209 209 208 208 208 205 205 201 199 201 198 196 192 187

