 188 170 166 168 172 175 183 192 193 194 194 193 193 191 191 188
 189  64  23  25  26  25  24  54 135 197 197 196 197 196 195 193
 190  57  21  65  76  76  59  23  23 144 199 198 197 197 197 195
 192  56  22 165 198 198 198 107  21  88 200 200 200 198 199 198
 194  59  22 156 199 202 202 135  20  68 201 201 201 200 199 199
 197  61  21 133 176 180 164  52  21 107 203 139  54  83 190 201
 197  65  21  20  24  21  22  21  48 195 184  25 144  79 104 202
 198  66  21  69  82  80  89 137 195 207 139  57 132 143 190 203
 201  70  21 159 204 206 209 211 209 209 120  26 114  43 112 204
 200  72  22 159 208 210 210 211 210 211 130  87 208 138  57 205
 202  76  22 158 209 211 211 211 211 211 179  33 188 103  81 209
 201 110  75 173 209 210 211 211 211 210 208 113  44  52 178 205
 202 206 208 207 208 209 209 211 209 210 209 207 204 204 207 204
 202 205 205 208 208 209 171  87  92  97 204 208 208 207 207 204
 201 205 206 207 207 207 144  21  21  23 205 207 208 206 206 203
 197 202 205 205 205 205 154  20  22  25 200 206 206 205 205 202
 186 167 163 166 171 174 181 191 192 193 193 193 193 193 191 189
 189  50  17  17  17  16  17  49 129 195 195 195 195 194 193 193
 190  48  20  69  80  79  62  22  22 137 196 198 197 197 196 195
 193  53  21 167 196 199 198 103  21  85 199 199 199 198 198 196
 195  57  21 157 199 201 200 134  20  69 201 201 201 201 200 199
 198  57  22 138 174 178 163  46  21 103 204 139  53  81 189 200
 199  60  21  20  20  16  19  21  46 193 184  22 143  81  99 203
 199  58  21  71  87  85  92 137 195 207 139  56 132 143 197 205
 200  58  21 160 206 207 207 208 209 209 120  24 106  44 108 205
 203  58  22 163 207 207 209 210 210 209 129  86 208 141  52 205
 203  66  22 159 208 209 209 210 210 210 178  32 191 105  75 208
 204  99  65 171 209 209 209 210 210 210 209 113  43  49 173 207
 202 204 205 206 207 208 209 208 208 208 209 208 207 207 208 207
 202 204 205 206 206 208 167  79  86  95 203 208 208 207 207 206
 202 203 204 205 206 206 140  20  21  24 203 207 207 207 206 206
 199 201 203 203 205 205 151  21  22  24 198 205 205 204 204 203
 190 165 157 160 164 170 176 190 192 192 192 192 190 188 188 187
 192  63  24  26  29  30  29  53 131 191 195 195 194 194 194 193
 194  58  22  76  93  94  71  26  26 141 198 197 197 197 197 195
 192  43  21 174 196 199 192 119  23  92 199 202 199 200 199 198
 195  53  22 166 201 203 203 125  24  70 199 201 202 201 201 201
 199  55  21 137 169 173 154  58  22 114 203 141  65  91 187 203
 197  59  22  26  33  31  28  21  62 198 182  39 150  90 106 203
 203  64  21  79  98  97 104 150 201 208 145  65 127 138 185 205
 204  68  22 169 205 208 211 212 211 212 126  35 120  63 114 204
 201  65  22 171 210 212 212 213 213 213 140  98 202 138  69 204
 203  61  22 172 211 214 212 213 214 214 177  52 184 108  84 204
 203 106  73 180 212 213 214 214 214 215 214 121  58  60 176 206
 203 204 202 208 213 212 212 214 213 214 212 209 202 204 208 208
 206 208 209 212 212 212 177 103 104 113 203 210 210 210 210 208
 202 208 209 209 209 210 149  25  21  29 199 209 209 209 209 208
 201 206 207 207 207 208 158  22  22  35 194 207 207 207 207 206

 188 193 195 198 199 201 202 203 204 205 209 205 204 204 203 202
 191 195 197 199 199 190 104 190 112  57  81 178 207 207 206 205
 191 196 197 198 200  83  79 143  43 138 103  52 204 207 206 205
 193 197 197 200 201  54 144 132 114 208 188  44 204 208 208 206
 193 196 198 200 201 139  25  57  26  87  33 113 207 208 207 206
 194 197 199 200 201 203 184 139 120 130 179 208 209 204 205 200
 194 197 144  88  68 107 195 207 209 211 211 210 210  97  23  25
 193 135  23  21  20  21  48 195 209 210 211 211 209  92  21  22
 192  54  23 107 135  52  21 137 211 211 211 211 211  87  21  20
 183  24  59 198 202 164  22  89 209 210 211 211 209 171 144 154
 175  25  76 198 202 180  21  80 206 210 211 210 209 209 207 205
 172  26  76 198 199 176  24  82 204 208 209 209 208 208 207 205
 168  25  65 165 156 133  20  69 159 159 158 173 207 208 207 205
 166  23  21  22  22  21  21  21  21  22  22  75 208 205 206 205
 170  64  57  56  59  61  65  66  70  72  76 110 206 205 205 202
 188 189 190 192 194 197 197 198 201 200 202 201 202 202 201 197
 189 193 195 196 199 200 203 205 205 205 208 207 207 206 206 203
 191 193 196 198 200 189  99 197 108  52  75 173 208 207 206 204
 193 194 197 198 201  81  81 143  44 141 105  49 207 207 207 204
 193 195 197 199 201  53 143 132 106 208 191  43 207 208 207 205
 193 195 198 199 201 139  22  56  24  86  32 113 208 208 207 205
 193 195 196 199 201 204 184 139 120 129 178 209 209 203 203 198
 193 195 137  85  69 103 193 207 209 209 210 210 208  95  24  24
 192 129  22  21  20  21  46 195 209 210 210 210 208  86  21  22
 191  49  22 103 134  46  21 137 208 210 210 210 208  79  20  21
 181  17  62 198 200 163  19  92 207 209 209 209 209 167 140 151
 174  16  79 199 201 178  16  85 207 207 209 209 208 208 206 205
 171  17  80 196 199 174  20  87 206 207 208 209 207 206 206 205
 166  17  69 167 157 138  20  71 160 163 159 171 206 206 205 203
 163  17  20  21  21  22  21  21  21  22  22  65 205 205 204 203
 167  50  48  53  57  57  60  58  58  58  66  99 204 204 203 201
 186 189 190 193 195 198 199 199 200 203 203 204 202 202 202 199
 187 193 195 198 201 203 203 205 204 204 204 206 208 208 208 206
 188 194 197 199 201 187 106 185 114  69  84 176 208 210 209 207
 188 194 197 200 201  91  90 138  63 138 108  60 204 210 209 207
 190 194 197 199 202  65 150 127 120 202 184  58 202 210 209 207
 192 195 197 202 201 141  39  65  35  98  52 121 209 210 209 207
 192 195 198 199 199 203 182 145 126 140 177 214 212 203 199 194
 192 191 141  92  70 114 198 208 212 213 214 215 214 113  29  35
 192 131  26  23  24  22  62 201 211 213 214 214 213 104  21  22
 190  53  26 119 125  58  21 150 212 213 213 214 214 103  25  22
 176  29  71 192 203 154  28 104 211 212 212 214 212 177 149 158
 170  30  94 199 203 173  31  97 208 212 214 213 212 212 210 208
 164  29  93 196 201 169  33  98 205 210 211 212 213 212 209 207
 160  26  76 174 166 137  26  79 169 171 172 180 208 212 209 207
 157  24  22  21  22  21  22  21  22  22  22  73 202 209 209 207
 165  63  58  43  53  55  59  64  68  65  61 106 204 208 208 206
 190 192 194 192 195 199 197 203 204 201 203 203 203 206 202 201

 202 205 205 206 206 200  25  22  20 154 205 205 205 205 202 197
 203 206 206 208 207 205  23  21  21 144 207 207 207 206 205 201
 204 207 207 208 208 204  97  92  87 171 209 208 208 205 205 202
 204 207 204 204 207 209 210 209 211 209 209 208 207 208 206 202
 205 178  52  44 113 208 210 211 211 211 210 209 173  75 110 201
 209  81 103 188  33 179 211 211 211 211 211 209 158  22  76 202
 205  57 138 208  87 130 211 210 211 210 210 208 159  22  72 200
 204 112  43 114  26 120 209 209 211 209 206 204 159  21  70 201
 203 190 143 132  57 139 207 195 137  89  80  82  69  21  66 198
 202 104  79 144  25 184 195  48  21  22  21  24  20  21  65 197
 201 190  83  54 139 203 107  21  52 164 180 176 133  21  61 197
 199 199 200 201 201 201  68  20 135 202 202 199 156  22  59 194
 198 199 198 200 200 200  88  21 107 198 198 198 165  22  56 192
 195 197 197 197 198 199 144  23  23  59  76  76  65  21  57 190
 193 195 196 197 196 197 197 135  54  24  25  26  25  23  64 189
 188 191 191 193 193 194 194 193 192 183 175 172 168 166 170 188
 203 204 204 205 205 198  24  22  21 151 205 205 203 203 201 199
 206 206 207 207 207 203  24  21  20 140 206 206 205 204 203 202
 206 207 207 208 208 203  95  86  79 167 208 206 206 205 204 202
 207 208 207 207 208 209 208 208 208 209 208 207 206 205 204 202
 207 173  49  43 113 209 210 210 210 209 209 209 171  65  99 204
 208  75 105 191  32 178 210 210 210 209 209 208 159  22  66 203
 205  52 141 208  86 129 209 210 210 209 207 207 163  22  58 203
 205 108  44 106  24 120 209 209 208 207 207 206 160  21  58 200
 205 197 143 132  56 139 207 195 137  92  85  87  71  21  58 199
 203  99  81 143  22 184 193  46  21  19  16  20  20  21  60 199
 200 189  81  53 139 204 103  21  46 163 178 174 138  22  57 198
 199 200 201 201 201 201  69  20 134 200 201 199 157  21  57 195
 196 198 198 199 199 199  85  21 103 198 199 196 167  21  53 193
 195 196 197 197 198 196 137  22  22  62  79  80  69  20  48 190
 193 193 194 195 195 195 195 129  49  17  16  17  17  17  50 189
 189 191 193 193 193 193 193 192 191 181 174 171 166 163 167 186
 206 207 207 207 207 194  35  22  22 158 208 207 207 207 206 201
 208 209 209 209 209 199  29  21  25 149 210 209 209 209 208 202
 208 210 210 210 210 203 113 104 103 177 212 212 212 209 208 206
 208 208 204 202 209 212 214 213 214 212 212 213 208 202 204 203
 206 176  60  58 121 214 215 214 214 214 213 212 180  73 106 203
 204  84 108 184  52 177 214 214 213 212 214 211 172  22  61 203
 204  69 138 202  98 140 213 213 213 212 212 210 171  22  65 201
 204 114  63 120  35 126 212 211 212 211 208 205 169  22  68 204
 205 185 138 127  65 145 208 201 150 104  97  98  79  21  64 203
 203 106  90 150  39 182 198  62  21  28  31  33  26  22  59 197
 203 187  91  65 141 203 114  22  58 154 173 169 137  21  55 199
 201 201 201 202 201 199  70  24 125 203 203 201 166  22  53 195
 198 199 200 199 202 199  92  23 119 192 199 196 174  21  43 192
 195 197 197 197 197 198 141  26  26  71  94  93  76  22  58 194
 193 194 194 194 195 195 191 131  53  29  30  29  26  24  63 192
 187 188 188 190 192 192 192 192 190 176 170 164 160 157 165 190

 197 201 202 202 201 202 200 201 198 197 197 194 192 190 189 188
 202 205 205 206 110  76  72  70  66  65  61  59  56  57  64 170
 205 206 205 208  75  22  22  21  21  21  21  22  22  21  23 166
 205 207 208 207 173 158 159 159  69  20 133 156 165  65  25 168
 205 207 208 208 209 209 208 204  82  24 176 199 198  76  26 172
 205 207 209 209 210 211 210 206  80  21 180 202 198  76  25 175
 154 144 171 209 211 211 210 209  89  22 164 202 198  59  24 183
  20  21  87 211 211 211 211 211 137  21  52 135 107  23  54 192
  22  21  92 209 211 211 210 209 195  48  21  20  21  23 135 193
  25  23  97 210 210 211 211 209 207 195 107  68  88 144 197 194
 200 205 204 209 208 179 130 120 139 184 203 201 200 199 197 194
 206 207 208 207 113  33  87  26  57  25 139 201 200 198 196 193
 206 208 208 204  44 188 208 114 132 144  54 201 200 197 197 193
 205 206 207 204  52 103 138  43 143  79  83 200 198 197 196 191
 205 206 207 207 178  81  57 112 190 104 190 199 199 197 195 191
 202 203 204 204 205 209 205 204 203 202 201 199 198 195 193 188
 199 202 202 202 204 203 203 200 199 199 198 195 193 190 189 186
 201 203 204 204  99  66  58  58  58  60  57  57  53  48  50 167
 203 204 205 205  65  22  22  21  21  21  22  21  21  20  17 163
 203 205 206 206 171 159 163 160  71  20 138 157 167  69  17 166
 205 206 206 207 209 208 207 206  87  20 174 199 196  80  17 171
 205 206 208 208 209 209 207 207  85  16 178 201 199  79  16 174
 151 140 167 209 209 209 209 207  92  19 163 200 198  62  17 181
  21  20  79 208 210 210 210 208 137  21  46 134 103  22  49 191
  22  21  86 208 210 210 210 209 195  46  21  20  21  22 129 192
  24  24  95 208 210 210 209 209 207 193 103  69  85 137 195 193
 198 203 203 209 209 178 129 120 139 184 204 201 199 196 195 193
 205 207 208 208 113  32  86  24  56  22 139 201 199 198 195 193
 205 207 208 207  43 191 208 106 132 143  53 201 199 197 195 193
 204 207 207 207  49 105 141  44 143  81  81 201 198 197 194 193
 204 206 207 208 173  75  52 108 197  99 189 200 198 196 193 191
 203 206 206 207 207 208 205 205 205 203 200 199 196 195 193 189
 201 202 206 203 203 203 201 204 203 197 199 195 192 194 192 190
 206 208 208 204 106  61  65  68  64  59  55  53  43  58  63 165
 207 209 209 202  73  22  22  22  21  22  21  22  21  22  24 157
 207 209 212 208 180 172 171 169  79  26 137 166 174  76  26 160
 207 209 212 213 212 211 210 205  98  33 169 201 196  93  29 164
 208 210 212 212 213 214 212 208  97  31 173 203 199  94  30 170
 158 149 177 212 214 212 212 211 104  28 154 203 192  71  29 176
  22  25 103 214 214 213 213 212 150  21  58 125 119  26  53 190
  22  21 104 213 214 214 213 211 201  62  22  24  23  26 131 192
  35  29 113 214 215 214 213 212 208 198 114  70  92 141 191 192
 194 199 203 212 214 177 140 126 145 182 203 199 199 198 195 192
 207 209 210 209 121  52  98  35  65  39 141 201 202 197 195 192
 207 209 210 202  58 184 202 120 127 150  65 202 199 197 194 190
 207 209 210 204  60 108 138  63 138  90  91 201 200 197 194 188
 207 209 210 208 176  84  69 114 185 106 187 201 199 197 194 188
 206 208 208 208 206 204 204 204 205 203 203 201 198 195 193 187

