 225 225 227 226 227 227 228 231 231 233 233 232 230 231 228 224
 224  85  31  32  29  30  40  75 184 238 238 238 239 236 235 234
 229  80  22  82  90  88  69  24  31 194 240 240 241 240 239 238
 233  78  21 204 239 241 237 119  21 111 243 241 242 240 238 239
 234  78  20 203 242 242 243 153  22  95 243 244 244 240 240 239
 235  76  20 200 227 226 193  61  21 145 244 244 175 157 242 242
 238  81  21  22  22  23  21  23  67 230 245 116  32 116 243 245
 240  79  21  84  98 101 120 177 239 244 244 170 112 112 243 244
 236  75  20 210 246 247 248 244 244 244 244 244 138 117 245 243
 237  59  22 210 246 244 244 244 244 244 244 244 143 137 245 244
 235  62  29 207 245 244 243 243 243 243 243 244 143 137 244 245
 236 111  87 217 245 243 244 243 244 244 244 244 168 167 244 244
 236 241 242 245 245 246 246 245 244 243 244 244 245 242 243 242
 234 242 243 244 245 246 188 117 120 126 244 244 245 245 244 242
 231 241 243 242 244 247 147  23  22  67 241 245 244 243 242 241
 228 239 239 241 242 242 147  22  22  64 238 242 241 240 240 238
 227 224 223 223 223 223 229 232 233 235 234 234 235 233 232 232
 229  62  14  14  15  15  17  62 179 236 237 237 236 236 234 233
 231  63  22  76  84  85  67  23  29 189 238 239 238 238 237 235
 232  64  21 200 235 237 235 111  22 107 241 239 241 240 239 237
 234  65  21 203 238 240 239 147  19  94 243 242 242 242 241 240
 236  66  21 201 231 233 195  54  21 143 244 244 175 151 243 242
 237  66  21  21  22  22  18  22  63 229 244 108  24 105 244 243
 238  67  21  76  89  92 112 177 240 248 247 168 113 103 246 245
 239  59  21 211 246 247 248 249 249 250 249 248 141 107 246 245
 240  37  23 210 245 249 248 249 250 250 249 248 145 129 246 246
 240  39  29 209 247 248 250 250 250 250 249 248 147 125 247 245
 239  77  71 216 246 248 248 249 249 249 249 248 163 149 246 244
 239 241 242 244 245 246 247 247 247 247 248 247 244 245 245 243
 237 240 241 242 243 243 182 107 102 112 243 245 244 243 244 242
 236 238 239 240 241 242 140  20  22  63 242 242 242 242 241 240
 234 235 237 237 239 239 140  20  22  60 238 239 239 239 238 237
 225 218 214 213 214 213 216 227 229 229 229 229 228 229 227 225
 226  73  36  31  29  29  47  78 176 231 234 234 234 234 234 231
 226  62  22  93 113 105  81  28  39 194 237 237 237 237 236 235
 229  61  20 220 237 237 233 125  21 117 234 241 240 239 239 238
 232  61  20 220 241 241 242 149  25 104 239 242 242 242 240 240
 234  61  20 197 222 217 182  58  20 152 243 244 171 154 241 242
 235  63  21  29  28  29  29  20  75 230 242 128  33 114 242 244
 236  63  21  87  99 100 117 181 238 245 243 182 108 112 241 244
 236  54  20 216 241 240 244 246 247 246 248 247 125 117 245 246
 239  34  24 224 248 247 248 247 246 247 248 248 132 136 245 246
 240  33  29 221 247 248 247 247 246 247 246 247 136 139 246 246
 241  84  91 226 247 247 247 246 247 246 246 247 170 168 244 246
 240 238 240 244 247 247 248 247 246 246 247 247 244 241 245 244
 240 245 244 245 247 246 188 132 132 147 240 245 244 246 243 242
 237 242 243 244 244 244 141  24  22  79 234 243 244 242 242 241
 233 237 239 241 240 242 140  24  22  77 230 240 240 240 239 239

 224 234 238 239 239 242 245 244 243 244 245 244 242 242 241 238
 228 235 239 238 240 242 243 243 245 245 244 244 243 244 242 240
 231 236 240 240 240 157 116 112 117 137 137 167 242 245 243 240
 230 239 241 242 244 175  32 112 138 143 143 168 245 245 244 241
 232 238 240 241 244 244 116 170 244 244 244 244 244 244 245 242
 233 238 240 243 243 244 245 244 244 244 243 244 244 244 241 238
 233 238 194 111  95 145 230 244 244 244 243 244 243 126  67  64
 231 184  31  21  22  21  67 239 244 244 243 244 244 120  22  22
 231  75  24 119 153  61  23 177 244 244 243 243 245 117  23  22
 228  40  69 237 243 193  21 120 248 244 243 244 246 188 147 147
 227  30  88 241 242 226  23 101 247 244 244 243 246 246 247 242
 227  29  90 239 242 227  22  98 246 246 245 245 245 245 244 242
 226  32  82 204 203 200  22  84 210 210 207 217 245 244 242 241
 227  31  22  21  20  20  21  21  20  22  29  87 242 243 243 239
 225  85  80  78  78  76  81  79  75  59  62 111 241 242 241 239
 225 224 229 233 234 235 238 240 236 237 235 236 236 234 231 228
 232 233 235 237 240 242 243 245 245 246 245 244 243 242 240 237
 232 234 237 239 241 243 244 246 246 246 247 246 245 244 241 238
 233 236 238 240 242 151 105 103 107 129 125 149 245 243 242 239
 235 236 238 241 242 175  24 113 141 145 147 163 244 244 242 239
 234 237 239 239 242 244 108 168 248 248 248 248 247 245 242 239
 234 237 238 241 243 244 244 247 249 249 249 249 248 243 242 238
 235 236 189 107  94 143 229 248 250 250 250 249 247 112  63  60
 233 179  29  22  19  21  63 240 249 250 250 249 247 102  22  22
 232  62  23 111 147  54  22 177 249 249 250 249 247 107  20  20
 229  17  67 235 239 195  18 112 248 248 250 248 247 182 140 140
 223  15  85 237 240 233  22  92 247 249 248 248 246 243 242 239
 223  15  84 235 238 231  22  89 246 245 247 246 245 243 241 239
 223  14  76 200 203 201  21  76 211 210 209 216 244 242 240 237
 223  14  22  21  21  21  21  21  21  23  29  71 242 241 239 237
 224  62  63  64  65  66  66  67  59  37  39  77 241 240 238 235
 227 229 231 232 234 236 237 238 239 240 240 239 239 237 236 234
 225 231 235 238 240 242 244 244 246 246 246 246 244 242 241 239
 227 234 236 239 240 241 242 241 245 245 246 244 245 243 242 239
 229 234 237 239 242 154 114 112 117 136 139 168 241 246 242 240
 228 234 237 240 242 171  33 108 125 132 136 170 244 244 244 240
 229 234 237 241 242 244 128 182 247 248 247 247 247 245 243 240
 229 234 237 234 239 243 242 243 248 248 246 246 247 240 234 230
 229 231 194 117 104 152 230 245 246 247 247 246 246 147  79  77
 229 176  39  21  25  20  75 238 247 246 246 247 246 132  22  22
 227  78  28 125 149  58  20 181 246 247 247 246 247 132  24  24
 216  47  81 233 242 182  29 117 244 248 247 247 248 188 141 140
 213  29 105 237 241 217  29 100 240 247 248 247 247 246 244 242
 214  29 113 237 241 222  28  99 241 248 247 247 247 247 244 240
 213  31  93 220 220 197  29  87 216 224 221 226 244 245 244 241
 214  36  22  20  20  20  21  21  20  24  29  91 240 244 243 239
 218  73  62  61  61  61  63  63  54  34  33  84 238 245 242 237
 225 226 226 229 232 234 235 236 236 239 240 241 240 240 237 233

 238 240 240 241 242 238  64  22  22 147 242 242 241 239 239 228
 241 242 243 244 245 241  67  22  23 147 247 244 242 243 241 231
 242 244 245 245 244 244 126 120 117 188 246 245 244 243 242 234
 242 243 242 245 244 244 243 244 245 246 246 245 245 242 241 236
 244 244 167 168 244 244 244 244 243 244 243 245 217  87 111 236
 245 244 137 143 244 243 243 243 243 243 244 245 207  29  62 235
 244 245 137 143 244 244 244 244 244 244 244 246 210  22  59 237
 243 245 117 138 244 244 244 244 244 248 247 246 210  20  75 236
 244 243 112 112 170 244 244 239 177 120 101  98  84  21  79 240
 245 243 116  32 116 245 230  67  23  21  23  22  22  21  81 238
 242 242 157 175 244 244 145  21  61 193 226 227 200  20  76 235
 239 240 240 244 244 243  95  22 153 243 242 242 203  20  78 234
 239 238 240 242 241 243 111  21 119 237 241 239 204  21  78 233
 238 239 240 241 240 240 194  31  24  69  88  90  82  22  80 229
 234 235 236 239 238 238 238 184  75  40  30  29  32  31  85 224
 224 228 231 230 232 233 233 231 231 228 227 227 226 227 225 225
 237 238 239 239 239 238  60  22  20 140 239 239 237 237 235 234
 240 241 242 242 242 242  63  22  20 140 242 241 240 239 238 236
 242 244 243 244 245 243 112 102 107 182 243 243 242 241 240 237
 243 245 245 244 247 248 247 247 247 247 246 245 244 242 241 239
 244 246 149 163 248 249 249 249 249 248 248 246 216  71  77 239
 245 247 125 147 248 249 250 250 250 250 248 247 209  29  39 240
 246 246 129 145 248 249 250 250 249 248 249 245 210  23  37 240
 245 246 107 141 248 249 250 249 249 248 247 246 211  21  59 239
 245 246 103 113 168 247 248 240 177 112  92  89  76  21  67 238
 243 244 105  24 108 244 229  63  22  18  22  22  21  21  66 237
 242 243 151 175 244 244 143  21  54 195 233 231 201  21  66 236
 240 241 242 242 242 243  94  19 147 239 240 238 203  21  65 234
 237 239 240 241 239 241 107  22 111 235 237 235 200  21  64 232
 235 237 238 238 239 238 189  29  23  67  85  84  76  22  63 231
 233 234 236 236 237 237 236 179  62  17  15  15  14  14  62 229
 232 232 233 235 234 234 235 233 232 229 223 223 223 223 224 227
 239 239 240 240 240 230  77  22  24 140 242 240 241 239 237 233
 241 242 242 244 243 234  79  22  24 141 244 244 244 243 242 237
 242 243 246 244 245 240 147 132 132 188 246 247 245 244 245 240
 244 245 241 244 247 247 246 246 247 248 247 247 244 240 238 240
 246 244 168 170 247 246 246 247 246 247 247 247 226  91  84 241
 246 246 139 136 247 246 247 246 247 247 248 247 221  29  33 240
 246 245 136 132 248 248 247 246 247 248 247 248 224  24  34 239
 246 245 117 125 247 248 246 247 246 244 240 241 216  20  54 236
 244 241 112 108 182 243 245 238 181 117 100  99  87  21  63 236
 244 242 114  33 128 242 230  75  20  29  29  28  29  21  63 235
 242 241 154 171 244 243 152  20  58 182 217 222 197  20  61 234
 240 240 242 242 242 239 104  25 149 242 241 241 220  20  61 232
 238 239 239 240 241 234 117  21 125 233 237 237 220  20  61 229
 235 236 237 237 237 237 194  39  28  81 105 113  93  22  62 226
 231 234 234 234 234 234 231 176  78  47  29  29  31  36  73 226
 225 227 229 228 229 229 229 229 227 216 213 214 213 214 218 225

 228 231 234 236 236 235 237 236 240 238 235 234 233 229 224 225
 239 241 242 241 111  62  59  75  79  81  76  78  78  80  85 225
 239 243 243 242  87  29  22  20  21  21  20  20  21  22  31 227
 241 242 244 245 217 207 210 210  84  22 200 203 204  82  32 226
 242 244 245 245 245 245 246 246  98  22 227 242 239  90  29 227
 242 247 246 246 243 244 244 247 101  23 226 242 241  88  30 227
 147 147 188 246 244 243 244 248 120  21 193 243 237  69  40 228
  22  23 117 245 243 243 244 244 177  23  61 153 119  24  75 231
  22  22 120 244 244 243 244 244 239  67  21  22  21  31 184 231
  64  67 126 243 244 243 244 244 244 230 145  95 111 194 238 233
 238 241 244 244 244 243 244 244 244 245 244 243 243 240 238 233
 242 245 244 244 244 244 244 244 170 116 244 244 241 240 238 232
 241 244 245 245 168 143 143 138 112  32 175 244 242 241 239 230
 240 243 245 242 167 137 137 117 112 116 157 240 240 240 236 231
 240 242 244 243 244 244 245 245 243 243 242 240 238 239 235 228
 238 241 242 242 244 245 244 243 244 245 242 239 239 238 234 224
 234 236 237 239 239 240 240 239 238 237 236 234 232 231 229 227
 235 238 240 241  77  39  37  59  67  66  66  65  64  63  62 224
 237 239 241 242  71  29  23  21  21  21  21  21  21  22  14 223
 237 240 242 244 216 209 210 211  76  21 201 203 200  76  14 223
 239 241 243 245 246 247 245 246  89  22 231 238 235  84  15 223
 239 242 243 246 248 248 249 247  92  22 233 240 237  85  15 223
 140 140 182 247 248 250 248 248 112  18 195 239 235  67  17 229
  20  20 107 247 249 250 249 249 177  22  54 147 111  23  62 232
  22  22 102 247 249 250 250 249 240  63  21  19  22  29 179 233
  60  63 112 247 249 250 250 250 248 229 143  94 107 189 236 235
 238 242 243 248 249 249 249 249 247 244 244 243 241 238 237 234
 239 242 245 247 248 248 248 248 168 108 244 242 239 239 237 234
 239 242 244 244 163 147 145 141 113  24 175 242 241 238 236 235
 239 242 243 245 149 125 129 107 103 105 151 242 240 238 236 233
 238 241 244 245 246 247 246 246 246 244 243 241 239 237 234 232
 237 240 242 243 244 245 246 245 245 243 242 240 237 235 233 232
 233 237 240 240 241 240 239 236 236 235 234 232 229 226 226 225
 237 242 245 238  84  33  34  54  63  63  61  61  61  62  73 218
 239 243 244 240  91  29  24  20  21  21  20  20  20  22  36 214
 241 244 245 244 226 221 224 216  87  29 197 220 220  93  31 213
 240 244 247 247 247 247 248 241  99  28 222 241 237 113  29 214
 242 244 246 247 247 248 247 240 100  29 217 241 237 105  29 213
 140 141 188 248 247 247 248 244 117  29 182 242 233  81  47 216
  24  24 132 247 246 247 247 246 181  20  58 149 125  28  78 227
  22  22 132 246 247 246 246 247 238  75  20  25  21  39 176 229
  77  79 147 246 246 247 247 246 245 230 152 104 117 194 231 229
 230 234 240 247 246 246 248 248 243 242 243 239 234 237 234 229
 240 243 245 247 247 247 248 247 182 128 244 242 241 237 234 229
 240 244 244 244 170 136 132 125 108  33 171 242 240 237 234 228
 240 242 246 241 168 139 136 117 112 114 154 242 239 237 234 229
 239 242 243 245 244 246 245 245 241 242 241 240 239 236 234 227
 239 241 242 244 246 246 246 246 244 244 242 240 238 235 231 225

