 232 191 191 193 193 193 208 235 238 237 236 235 236 236 232 232
 231  34  22  26  26  26  28  55 163 239 240 241 239 238 238 235
 231  52  23 109 117 120  81  25  26 174 242 243 242 240 240 238
 235  52  21 215 244 244 243 127  22  96 246 244 244 244 242 242
 233  52  20 219 245 248 247 150  22  87 248 246 247 245 244 243
 238  49  22 195 219 217 194  57  21 135 250 249 243 109 222 246
 244  48  22  19  19  19  24  21  71 233 252 251 116  26 213 246
 246  51  22 114 112 101 121 186 246 253 253 201  66  33 226 249
 246  48  25 231 251 253 252 252 252 252 237  63 205  37 241 250
 248  46  25 213 252 252 252 251 251 251 150  49 136  28 150 249
 247  61  27 209 252 253 252 252 252 252 205 161 140  32 144 248
 249 118  86 219 252 252 252 252 252 252 251 251 245  65 236 251
 249 250 250 253 252 251 251 252 252 252 252 252 252 251 252 251
 248 251 252 253 252 253 197 108 113 142 252 252 252 252 253 251
 248 251 251 253 252 252 168  22  20  34 250 253 253 251 251 250
 243 249 251 251 252 252 166  21  22  31 248 252 251 251 251 248
 226 173 174 177 176 176 194 230 232 233 232 232 231 231 230 228
 225  25  19  17  17  16  17  45 155 235 235 236 236 235 234 233
 224  44  23 108 120 120  82  25  23 164 238 238 238 237 237 235
 225  40  23 215 237 237 238 123  21  91 240 241 240 240 240 240
 226  39  22 220 240 241 241 142  20  83 242 243 243 241 242 241
 231  36  22 197 215 213 184  50  21 130 241 246 239 100 216 243
 237  35  22  18  16  16  19  21  68 229 248 248 108  20 204 246
 240  33  22 114 111 103 125 183 243 249 249 199  51  30 215 248
 242  32  25 227 248 250 250 250 250 250 236  56 196  35 226 249
 245  30  26 212 249 250 250 250 250 250 149  44 133  26 140 247
 246  45  27 207 249 250 250 250 250 250 203 164 141  32 142 249
 248 105  80 217 249 250 250 250 250 250 250 250 246  61 219 249
 246 246 248 247 250 250 250 250 250 250 250 250 250 249 250 249
 244 247 248 249 249 250 191  98 103 132 245 250 250 250 249 249
 243 246 247 248 248 248 163  22  21  31 249 250 250 250 249 249
 240 244 246 247 248 247 160  22  22  29 248 248 248 247 248 246
 226 186 186 188 188 186 199 227 230 231 230 230 227 230 227 226
 223  27  26  28  29  30  30  54 155 229 234 233 231 231 231 229
 226  44  23 122 138 135  89  33  30 169 234 238 236 235 235 234
 228  45  23 223 238 240 237 132  22  97 237 239 239 239 237 237
 231  42  24 225 241 244 244 143  23  89 242 241 243 240 240 240
 237  43  25 196 200 196 172  59  22 142 249 245 236 105 212 241
 243  41  21  31  32  31  26  22  82 229 246 246 116  30 205 242
 242  38  22 125 126 116 137 188 241 246 247 193  76  32 221 245
 242  35  26 244 248 246 246 246 246 246 230  72 196  39 234 245
 239  35  26 227 248 247 247 247 247 246 150  57 129  31 153 240
 237  51  28 221 248 247 247 247 247 246 204 165 138  35 149 241
 237 111  93 231 247 247 247 247 247 247 246 247 234  77 232 245
 247 246 242 249 246 247 247 247 247 247 247 247 247 244 245 246
 247 248 246 247 246 246 198 127 134 155 246 247 247 247 247 246
 247 248 248 247 246 247 166  23  22  46 239 247 247 246 246 246
 246 247 247 247 247 249 162  21  22  43 235 246 247 247 247 247

 232 235 238 242 243 246 246 249 250 249 248 251 251 251 250 248
 232 238 240 242 244 222 213 226 241 150 144 236 252 253 251 251
 236 238 240 244 245 109  26  33  37  28  32  65 251 252 251 251
 236 239 242 244 247 243 116  66 205 136 140 245 252 252 253 251
 235 241 243 244 246 249 251 201  63  49 161 251 252 252 253 252
 236 240 242 246 248 250 252 253 237 150 205 251 252 252 250 248
 237 239 174  96  87 135 233 253 252 251 252 252 252 142  34  31
 238 163  26  22  22  21  71 246 252 251 252 252 252 113  20  22
 235  55  25 127 150  57  21 186 252 251 252 252 252 108  22  21
 208  28  81 243 247 194  24 121 252 252 252 252 251 197 168 166
 193  26 120 244 248 217  19 101 253 252 253 252 251 253 252 252
 193  26 117 244 245 219  19 112 251 252 252 252 252 252 252 252
 193  26 109 215 219 195  19 114 231 213 209 219 253 253 253 251
 191  22  23  21  20  22  22  22  25  25  27  86 250 252 251 251
 191  34  52  52  52  49  48  51  48  46  61 118 250 251 251 249
 232 231 231 235 233 238 244 246 246 248 247 249 249 248 248 243
 228 233 235 240 241 243 246 248 249 247 249 249 249 249 249 246
 230 234 237 240 242 216 204 215 226 140 142 219 250 249 249 248
 231 235 237 240 241 100  20  30  35  26  32  61 249 250 250 247
 231 236 238 240 243 239 108  51 196 133 141 246 250 250 250 248
 232 236 238 241 243 246 248 199  56  44 164 250 250 250 250 248
 232 235 238 240 242 241 248 249 236 149 203 250 250 245 249 248
 233 235 164  91  83 130 229 249 250 250 250 250 250 132  31  29
 232 155  23  21  20  21  68 243 250 250 250 250 250 103  21  22
 230  45  25 123 142  50  21 183 250 250 250 250 250  98  22  22
 194  17  82 238 241 184  19 125 250 250 250 250 250 191 163 160
 176  16 120 237 241 213  16 103 250 250 250 250 250 250 248 247
 176  17 120 237 240 215  16 111 248 249 249 249 250 249 248 248
 177  17 108 215 220 197  18 114 227 212 207 217 247 249 248 247
 174  19  23  23  22  22  22  22  25  26  27  80 248 248 247 246
 173  25  44  40  39  36  35  33  32  30  45 105 246 247 246 244
 226 225 224 225 226 231 237 240 242 245 246 248 246 244 243 240
 226 229 234 237 240 241 242 245 245 240 241 245 246 246 246 247
 227 231 235 237 240 212 205 221 234 153 149 232 245 247 246 247
 230 231 235 239 240 105  30  32  39  31  35  77 244 247 246 247
 227 231 236 239 243 236 116  76 196 129 138 234 247 247 247 247
 230 233 238 239 241 245 246 193  72  57 165 247 247 247 247 246
 230 234 234 237 242 249 246 247 230 150 204 246 247 246 239 235
 231 229 169  97  89 142 229 246 246 246 246 247 247 155  46  43
 230 155  30  22  23  22  82 241 246 247 247 247 247 134  22  22
 227  54  33 132 143  59  22 188 246 247 247 247 247 127  23  21
 199  30  89 237 244 172  26 137 246 247 247 247 247 198 166 162
 186  30 135 240 244 196  31 116 246 247 247 247 247 246 247 249
 188  29 138 238 241 200  32 126 248 248 248 247 246 246 246 247
 188  28 122 223 225 196  31 125 244 227 221 231 249 247 247 247
 186  26  23  23  24  25  21  22  26  26  28  93 242 246 248 247
 186  27  44  45  42  43  41  38  35  35  51 111 246 248 248 247
 226 223 226 228 231 237 243 242 242 239 237 237 247 247 247 246

 248 251 251 251 252 248  31  22  21 166 252 252 251 251 249 243
 250 251 251 253 253 250  34  20  22 168 252 252 253 251 251 248
 251 253 252 252 252 252 142 113 108 197 253 252 253 252 251 248
 251 252 251 252 252 252 252 252 252 251 251 252 253 250 250 249
 251 236  65 245 251 251 252 252 252 252 252 252 219  86 118 249
 248 144  32 140 161 205 252 252 252 252 253 252 209  27  61 247
 249 150  28 136  49 150 251 251 251 252 252 252 213  25  46 248
 250 241  37 205  63 237 252 252 252 252 253 251 231  25  48 246
 249 226  33  66 201 253 253 246 186 121 101 112 114  22  51 246
 246 213  26 116 251 252 233  71  21  24  19  19  19  22  48 244
 246 222 109 243 249 250 135  21  57 194 217 219 195  22  49 238
 243 244 245 247 246 248  87  22 150 247 248 245 219  20  52 233
 242 242 244 244 244 246  96  22 127 243 244 244 215  21  52 235
 238 240 240 242 243 242 174  26  25  81 120 117 109  23  52 231
 235 238 238 239 241 240 239 163  55  28  26  26  26  22  34 231
 232 232 236 236 235 236 237 238 235 208 193 193 193 191 191 232
 246 248 247 248 248 248  29  22  22 160 247 248 247 246 244 240
 249 249 250 250 250 249  31  21  22 163 248 248 248 247 246 243
 249 249 250 250 250 245 132 103  98 191 250 249 249 248 247 244
 249 250 249 250 250 250 250 250 250 250 250 250 247 248 246 246
 249 219  61 246 250 250 250 250 250 250 250 249 217  80 105 248
 249 142  32 141 164 203 250 250 250 250 250 249 207  27  45 246
 247 140  26 133  44 149 250 250 250 250 250 249 212  26  30 245
 249 226  35 196  56 236 250 250 250 250 250 248 227  25  32 242
 248 215  30  51 199 249 249 243 183 125 103 111 114  22  33 240
 246 204  20 108 248 248 229  68  21  19  16  16  18  22  35 237
 243 216 100 239 246 241 130  21  50 184 213 215 197  22  36 231
 241 242 241 243 243 242  83  20 142 241 241 240 220  22  39 226
 240 240 240 240 241 240  91  21 123 238 237 237 215  23  40 225
 235 237 237 238 238 238 164  23  25  82 120 120 108  23  44 224
 233 234 235 236 236 235 235 155  45  17  16  17  17  19  25 225
 228 230 231 231 232 232 233 232 230 194 176 176 177 174 173 226
 247 247 247 247 246 235  43  22  21 162 249 247 247 247 247 246
 246 246 246 247 247 239  46  22  23 166 247 246 247 248 248 247
 246 247 247 247 247 246 155 134 127 198 246 246 247 246 248 247
 246 245 244 247 247 247 247 247 247 247 247 246 249 242 246 247
 245 232  77 234 247 246 247 247 247 247 247 247 231  93 111 237
 241 149  35 138 165 204 246 247 247 247 247 248 221  28  51 237
 240 153  31 129  57 150 246 247 247 247 247 248 227  26  35 239
 245 234  39 196  72 230 246 246 246 246 246 248 244  26  35 242
 245 221  32  76 193 247 246 241 188 137 116 126 125  22  38 242
 242 205  30 116 246 246 229  82  22  26  31  32  31  21  41 243
 241 212 105 236 245 249 142  22  59 172 196 200 196  25  43 237
 240 240 240 243 241 242  89  23 143 244 244 241 225  24  42 231
 237 237 239 239 239 237  97  22 132 237 240 238 223  23  45 228
 234 235 235 236 238 234 169  30  33  89 135 138 122  23  44 226
 229 231 231 231 233 234 229 155  54  30  30  29  28  26  27 223
 226 227 230 227 230 230 231 230 227 199 186 188 188 186 186 226

 243 248 248 249 249 247 248 246 246 244 238 233 235 231 231 232
 249 251 251 250 118  61  46  48  51  48  49  52  52  52  34 191
 251 251 252 250  86  27  25  25  22  22  22  20  21  23  22 191
 251 253 253 253 219 209 213 231 114  19 195 219 215 109  26 193
 252 252 252 252 252 252 252 251 112  19 219 245 244 117  26 193
 252 252 253 251 252 253 252 253 101  19 217 248 244 120  26 193
 166 168 197 251 252 252 252 252 121  24 194 247 243  81  28 208
  21  22 108 252 252 252 251 252 186  21  57 150 127  25  55 235
  22  20 113 252 252 252 251 252 246  71  21  22  22  26 163 238
  31  34 142 252 252 252 251 252 253 233 135  87  96 174 239 237
 248 250 252 252 251 205 150 237 253 252 250 248 246 242 240 236
 252 253 252 252 251 161  49  63 201 251 249 246 244 243 241 235
 251 253 252 252 245 140 136 205  66 116 243 247 244 242 239 236
 251 251 252 251  65  32  28  37  33  26 109 245 244 240 238 236
 251 251 253 252 236 144 150 241 226 213 222 244 242 240 238 232
 248 250 251 251 251 248 249 250 249 246 246 243 242 238 235 232
 240 243 244 246 248 246 245 242 240 237 231 226 225 224 225 226
 244 246 247 246 105  45  30  32  33  35  36  39  40  44  25 173
 246 247 248 248  80  27  26  25  22  22  22  22  23  23  19 174
 247 248 249 247 217 207 212 227 114  18 197 220 215 108  17 177
 248 248 249 250 249 249 249 248 111  16 215 240 237 120  17 176
 247 248 250 250 250 250 250 250 103  16 213 241 237 120  16 176
 160 163 191 250 250 250 250 250 125  19 184 241 238  82  17 194
  22  22  98 250 250 250 250 250 183  21  50 142 123  25  45 230
  22  21 103 250 250 250 250 250 243  68  21  20  21  23 155 232
  29  31 132 250 250 250 250 250 249 229 130  83  91 164 235 233
 248 249 245 250 250 203 149 236 249 248 241 242 240 238 235 232
 248 250 250 250 250 164  44  56 199 248 246 243 241 238 236 232
 248 250 250 250 246 141 133 196  51 108 239 243 240 238 236 231
 247 250 250 249  61  32  26  35  30  20 100 241 240 237 235 231
 248 249 249 250 219 142 140 226 215 204 216 242 240 237 234 230
 246 249 249 249 249 249 247 249 248 246 243 241 240 235 233 228
 246 247 247 247 237 237 239 242 242 243 237 231 228 226 223 226
 247 248 248 246 111  51  35  35  38  41  43  42  45  44  27 186
 247 248 246 242  93  28  26  26  22  21  25  24  23  23  26 186
 247 247 247 249 231 221 227 244 125  31 196 225 223 122  28 188
 247 246 246 246 247 248 248 248 126  32 200 241 238 138  29 188
 249 247 246 247 247 247 247 246 116  31 196 244 240 135  30 186
 162 166 198 247 247 247 247 246 137  26 172 244 237  89  30 199
  21  23 127 247 247 247 247 246 188  22  59 143 132  33  54 227
  22  22 134 247 247 247 247 246 241  82  22  23  22  30 155 230
  43  46 155 247 247 246 246 246 246 229 142  89  97 169 229 231
 235 239 246 247 246 204 150 230 247 246 249 242 237 234 234 230
 246 247 247 247 247 165  57  72 193 246 245 241 239 238 233 230
 247 247 247 247 234 138 129 196  76 116 236 243 239 236 231 227
 247 246 247 244  77  35  31  39  32  30 105 240 239 235 231 230
 247 246 247 245 232 149 153 234 221 205 212 240 237 235 231 227
 247 246 246 246 245 241 240 245 245 242 241 240 237 234 229 226

