 188 168 166 167 171 175 183 193 195 193 195 194 193 191 190 188
 189  60  23  24  26  26  24  53 134 195 196 196 196 194 193 193
 191  54  22  67  78  78  58  22  23 145 198 198 196 196 197 195
 193  54  21 165 199 197 197 104  21  91 200 200 200 199 197 197
 195  58  20 156 200 201 201 129  21  71 201 201 201 200 197 199
 198  60  21 135 174 179 163  49  21 111 198  75  61  65 134 200
 198  62  22  20  24  21  21  21  51 196 183  33 146 145 178 202
 198  64  20  69  84  82  89 140 196 208 172  33  84 108 194 203
 202  68  21 159 205 207 209 210 210 208 172  86 148  67  88 204
 200  67  22 161 207 209 210 210 209 211 196 192 207 146  53 205
 201  71  22 161 207 211 211 211 211 211 149  52 199  93  83 207
 201 108  75 173 208 211 210 210 211 209 206  86  41  58 186 206
 202 206 206 207 209 209 210 210 208 210 208 205 202 204 206 205
 203 206 207 209 206  85  80  81  85  91  75  99 206 206 207 204
 201 205 206 205 202  27  21  20  20  21  22  56 204 205 206 204
 198 201 204 205 200  34  22  22  22  22  22  55 204 203 205 203
 186 166 163 166 170 173 182 191 192 193 193 193 193 193 191 190
 188  50  17  18  17  17  16  48 130 195 196 195 195 195 194 193
 189  48  21  71  82  80  63  23  22 140 197 197 197 197 196 196
 193  50  21 171 196 198 198 103  21  87 198 199 199 199 198 197
 195  55  21 158 198 199 201 130  19  69 202 202 201 201 200 199
 198  55  22 138 172 177 162  45  21 107 197  71  58  62 128 200
 200  55  22  19  18  16  20  20  49 195 184  29 149 150 176 202
 200  56  22  71  88  85  94 138 196 208 172  32  83 104 194 205
 201  57  21 160 206 207 208 208 209 209 173  77 153  66  84 206
 202  56  22 163 207 208 210 209 209 209 196 192 207 151  48 205
 204  62  22 162 207 209 210 210 210 209 150  51 201  95  78 207
 204  97  64 171 209 209 209 209 210 209 206  85  40  53 180 207
 202 204 205 206 207 207 208 208 208 208 208 207 207 209 207 207
 202 204 204 205 203  80  75  75  85  91  73  98 206 208 207 206
 200 203 204 204 202  24  22  22  22  21  22  52 208 206 206 206
 198 201 203 203 197  31  22  22  22  22  21  55 204 204 205 203
 192 164 157 161 164 167 174 189 192 193 193 191 190 191 189 187
 194  60  24  25  30  31  31  53 131 189 195 195 194 193 194 193
 195  55  20  78  94  96  70  26  27 144 196 197 197 197 195 195
 194  39  21 175 197 198 192 111  22  95 198 200 199 200 199 197
 194  50  21 167 201 204 203 124  25  75 199 201 202 201 200 200
 196  52  21 137 167 171 151  57  22 120 198  87  72  76 140 201
 197  57  21  25  32  31  25  22  64 199 179  50 150 165 191 204
 202  62  22  84  98  99 104 151 200 208 172  49  83 108 190 206
 205  65  21 171 206 207 210 212 212 212 178 108 142  82  90 204
 201  65  22 173 211 212 212 212 214 213 198 188 211 142  67 201
 202  58  22 173 210 213 212 214 215 214 149  69 194 100  86 204
 202 104  75 185 211 212 214 214 215 214 205 101  58  68 180 206
 204 205 203 208 211 211 212 212 215 213 212 205 201 203 209 208
 202 207 208 211 210 102 103 102 102 107  90 121 203 208 208 209
 205 207 208 208 203  27  20  20  21  21  22  75 197 208 207 206
 203 206 205 206 201  34  22  22  22  22  22  73 199 206 206 206

 188 193 195 197 199 200 202 203 204 205 207 206 205 204 204 203
 190 193 197 197 197 134 178 194  88  53  83 186 206 207 206 205
 191 194 196 199 200  65 145 108  67 146  93  58 204 206 205 203
 193 196 196 200 201  61 146  84 148 207 199  41 202 206 204 204
 194 196 198 200 201  75  33  33  86 192  52  86 205  99  56  55
 195 196 198 200 201 198 183 172 172 196 149 206 208  75  22  22
 193 195 145  91  71 111 196 208 208 211 211 209 210  91  21  22
 195 134  23  21  21  21  51 196 210 209 211 211 208  85  20  22
 193  53  22 104 129  49  21 140 210 210 211 210 210  81  20  22
 183  24  58 197 201 163  21  89 209 210 211 210 210  80  21  22
 175  26  78 197 201 179  21  82 207 209 211 211 209  85  27  34
 171  26  78 199 200 174  24  84 205 207 207 208 209 206 202 200
 167  24  67 165 156 135  20  69 159 161 161 173 207 209 205 205
 166  23  22  21  20  21  22  20  21  22  22  75 206 207 206 204
 168  60  54  54  58  60  62  64  68  67  71 108 206 206 205 201
 188 189 191 193 195 198 198 198 202 200 201 201 202 203 201 198
 190 193 196 197 199 200 202 205 206 205 207 207 207 206 206 203
 191 194 196 198 200 128 176 194  84  48  78 180 207 207 206 205
 193 195 197 199 201  62 150 104  66 151  95  53 209 208 206 204
 193 195 197 199 201  58 149  83 153 207 201  40 207 206 208 204
 193 195 197 199 202  71  29  32  77 192  51  85 207  98  52  55
 193 196 197 198 202 197 184 172 173 196 150 206 208  73  22  21
 193 195 140  87  69 107 195 208 209 209 209 209 208  91  21  22
 192 130  22  21  19  21  49 196 209 209 210 210 208  85  22  22
 191  48  23 103 130  45  20 138 208 209 210 209 208  75  22  22
 182  16  63 198 201 162  20  94 208 210 210 209 208  75  22  22
 173  17  80 198 199 177  16  85 207 208 209 209 207  80  24  31
 170  17  82 196 198 172  18  88 206 207 207 209 207 203 202 197
 166  18  71 171 158 138  19  71 160 163 162 171 206 205 204 203
 163  17  21  21  21  22  22  22  21  22  22  64 205 204 204 203
 166  50  48  50  55  55  55  56  57  56  62  97 204 204 203 201
 186 188 189 193 195 198 200 200 201 202 204 204 202 202 200 198
 187 193 195 197 200 201 204 206 204 201 204 206 208 209 206 206
 189 194 195 199 200 140 191 190  90  67  86 180 209 208 207 206
 191 193 197 200 201  76 165 108  82 142 100  68 203 208 208 206
 190 194 197 199 202  72 150  83 142 211 194  58 201 203 197 199
 191 195 197 200 201  87  50  49 108 188  69 101 205 121  75  73
 193 195 196 198 199 198 179 172 178 198 149 205 212  90  22  22
 193 189 144  95  75 120 199 208 212 213 214 214 213 107  21  22
 192 131  27  22  25  22  64 200 212 214 215 215 215 102  21  22
 189  53  26 111 124  57  22 151 212 212 214 214 212 102  20  22
 174  31  70 192 203 151  25 104 210 212 212 214 212 103  20  22
 167  31  96 198 204 171  31  99 207 212 213 212 211 102  27  34
 164  30  94 197 201 167  32  98 206 211 210 211 211 210 203 201
 161  25  78 175 167 137  25  84 171 173 173 185 208 211 208 206
 157  24  20  21  21  21  21  22  21  22  22  75 203 208 208 205
 164  60  55  39  50  52  57  62  65  65  58 104 205 207 207 206
 192 194 195 194 194 196 197 202 205 201 202 202 204 202 205 203

 203 205 203 204  55  22  22  22  22  22  34 200 205 204 201 198
 204 206 205 204  56  22  21  20  20  21  27 202 205 206 205 201
 204 207 206 206  99  75  91  85  81  80  85 206 209 207 206 203
 205 206 204 202 205 208 210 208 210 210 209 209 207 206 206 202
 206 186  58  41  86 206 209 211 210 210 211 208 173  75 108 201
 207  83  93 199  52 149 211 211 211 211 211 207 161  22  71 201
 205  53 146 207 192 196 211 209 210 210 209 207 161  22  67 200
 204  88  67 148  86 172 208 210 210 209 207 205 159  21  68 202
 203 194 108  84  33 172 208 196 140  89  82  84  69  20  64 198
 202 178 145 146  33 183 196  51  21  21  21  24  20  22  62 198
 200 134  65  61  75 198 111  21  49 163 179 174 135  21  60 198
 199 197 200 201 201 201  71  21 129 201 201 200 156  20  58 195
 197 197 199 200 200 200  91  21 104 197 197 199 165  21  54 193
 195 197 196 196 198 198 145  23  22  58  78  78  67  22  54 191
 193 193 194 196 196 196 195 134  53  24  26  26  24  23  60 189
 188 190 191 193 194 195 193 195 193 183 175 171 167 166 168 188
 203 205 204 204  55  21  22  22  22  22  31 197 203 203 201 198
 206 206 206 208  52  22  21  22  22  22  24 202 204 204 203 200
 206 207 208 206  98  73  91  85  75  75  80 203 205 204 204 202
 207 207 209 207 207 208 208 208 208 208 207 207 206 205 204 202
 207 180  53  40  85 206 209 210 209 209 209 209 171  64  97 204
 207  78  95 201  51 150 209 210 210 210 209 207 162  22  62 204
 205  48 151 207 192 196 209 209 209 210 208 207 163  22  56 202
 206  84  66 153  77 173 209 209 208 208 207 206 160  21  57 201
 205 194 104  83  32 172 208 196 138  94  85  88  71  22  56 200
 202 176 150 149  29 184 195  49  20  20  16  18  19  22  55 200
 200 128  62  58  71 197 107  21  45 162 177 172 138  22  55 198
 199 200 201 201 202 202  69  19 130 201 199 198 158  21  55 195
 197 198 199 199 199 198  87  21 103 198 198 196 171  21  50 193
 196 196 197 197 197 197 140  22  23  63  80  82  71  21  48 189
 193 194 195 195 195 196 195 130  48  16  17  17  18  17  50 188
 190 191 193 193 193 193 193 192 191 182 173 170 166 163 166 186
 206 206 206 199  73  22  22  22  22  22  34 201 206 205 206 203
 206 207 208 197  75  22  21  21  20  20  27 203 208 208 207 205
 209 208 208 203 121  90 107 102 102 103 102 210 211 208 207 202
 208 209 203 201 205 212 213 215 212 212 211 211 208 203 205 204
 206 180  68  58 101 205 214 215 214 214 212 211 185  75 104 202
 204  86 100 194  69 149 214 215 214 212 213 210 173  22  58 202
 201  67 142 211 188 198 213 214 212 212 212 211 173  22  65 201
 204  90  82 142 108 178 212 212 212 210 207 206 171  21  65 205
 206 190 108  83  49 172 208 200 151 104  99  98  84  22  62 202
 204 191 165 150  50 179 199  64  22  25  31  32  25  21  57 197
 201 140  76  72  87 198 120  22  57 151 171 167 137  21  52 196
 200 200 201 202 201 199  75  25 124 203 204 201 167  21  50 194
 197 199 200 199 200 198  95  22 111 192 198 197 175  21  39 194
 195 195 197 197 197 196 144  27  26  70  96  94  78  20  55 195
 193 194 193 194 195 195 189 131  53  31  31  30  25  24  60 194
 187 189 191 190 191 193 193 192 189 174 167 164 161 157 164 192

 198 201 203 202 201 201 200 202 198 198 198 195 193 191 189 188
 201 205 206 206 108  71  67  68  64  62  60  58  54  54  60 168
 204 206 207 206  75  22  22  21  20  22  21  20  21  22  23 166
 205 205 209 207 173 161 161 159  69  20 135 156 165  67  24 167
 200 202 206 209 208 207 207 205  84  24 174 200 199  78  26 171
  34  27  85 209 211 211 209 207  82  21 179 201 197  78  26 175
  22  21  80 210 210 211 210 209  89  21 163 201 197  58  24 183
  22  20  81 210 210 211 210 210 140  21  49 129 104  22  53 193
  22  20  85 208 211 211 209 210 196  51  21  21  21  23 134 195
  22  21  91 210 209 211 211 208 208 196 111  71  91 145 195 193
  22  22  75 208 206 149 196 172 172 183 198 201 200 198 196 195
  55  56  99 205  86  52 192  86  33  33  75 201 200 198 196 194
 204 204 206 202  41 199 207 148  84 146  61 201 200 196 196 193
 203 205 206 204  58  93 146  67 108 145  65 200 199 196 194 191
 205 206 207 206 186  83  53  88 194 178 134 197 197 197 193 190
 203 204 204 205 206 207 205 204 203 202 200 199 197 195 193 188
 198 200 202 202 204 204 202 201 200 200 198 195 193 189 188 186
 201 203 204 204  97  62  56  57  56  55  55  55  50  48  50 166
 203 204 204 205  64  22  22  21  22  22  22  21  21  21  17 163
 203 204 205 206 171 162 163 160  71  19 138 158 171  71  18 166
 197 202 203 207 209 207 207 206  88  18 172 198 196  82  17 170
  31  24  80 207 209 209 208 207  85  16 177 199 198  80  17 173
  22  22  75 208 209 210 210 208  94  20 162 201 198  63  16 182
  22  22  75 208 209 210 209 208 138  20  45 130 103  23  48 191
  22  22  85 208 210 210 209 209 196  49  21  19  21  22 130 192
  22  21  91 208 209 209 209 209 208 195 107  69  87 140 195 193
  21  22  73 208 206 150 196 173 172 184 197 202 198 197 196 193
  55  52  98 207  85  51 192  77  32  29  71 202 199 197 195 193
 204 208 206 207  40 201 207 153  83 149  58 201 199 197 195 193
 204 206 208 209  53  95 151  66 104 150  62 201 199 197 195 193
 205 206 207 207 180  78  48  84 194 176 128 200 198 196 194 191
 203 206 206 207 207 207 205 206 205 202 200 199 197 196 193 190
 203 205 202 204 202 202 201 205 202 197 196 194 194 195 194 192
 206 207 207 205 104  58  65  65  62  57  52  50  39  55  60 164
 205 208 208 203  75  22  22  21  22  21  21  21  21  20  24 157
 206 208 211 208 185 173 173 171  84  25 137 167 175  78  25 161
 201 203 210 211 211 210 211 206  98  32 167 201 197  94  30 164
  34  27 102 211 212 213 212 207  99  31 171 204 198  96  31 167
  22  20 103 212 214 212 212 210 104  25 151 203 192  70  31 174
  22  20 102 212 214 214 212 212 151  22  57 124 111  26  53 189
  22  21 102 215 215 215 214 212 200  64  22  25  22  27 131 192
  22  21 107 213 214 214 213 212 208 199 120  75  95 144 189 193
  22  22  90 212 205 149 198 178 172 179 198 199 198 196 195 193
  73  75 121 205 101  69 188 108  49  50  87 201 200 197 195 191
 199 197 203 201  58 194 211 142  83 150  72 202 199 197 194 190
 206 208 208 203  68 100 142  82 108 165  76 201 200 197 193 191
 206 207 208 209 180  86  67  90 190 191 140 200 199 195 194 189
 206 206 209 208 206 204 201 204 206 204 201 200 197 195 193 187

