 186 183 180 180 180 179 181 191 192 193 189 189 189 189 187 185
 188  64  26  29  31  30  34  59 142 195 195 196 195 194 194 192
 189  61  22  55  62  61  44  23  24 148 198 198 198 197 196 194
 193  61  21 142 196 197 196 105  21  77 199 200 199 198 198 197
 194  63  20 143 199 202 203 137  22  61 202 201 201 200 201 199
 195  73  20 132 183 182 181  60  22  98 198  83  83  89 139 201
 198  71  22  26  28  26  21  21  40 180 189  28 129 139 171 202
 200  69  21  58  74  65  80 124 187 207 174  31  99 130 195 204
 201  68  20 151 206 206 207 209 207 208 163  59 128  57 105 205
 201  65  20 156 207 209 210 210 209 210 204 203 208 151  63 204
 202  66  21 157 208 210 209 211 211 211 141  58 207 120  78 205
 203  97  53 169 209 211 210 210 211 211 206  65  36  50 181 205
 203 203 205 206 209 210 210 209 210 211 209 207 203 207 207 205
 202 205 207 208 209 209 170 110 109 114 207 209 208 207 206 204
 201 204 205 207 209 208 130  18  20  27 206 208 208 206 206 205
 200 202 205 206 207 206 127  21  22  27 203 206 206 205 204 202
 189 185 182 179 179 177 182 193 194 194 194 194 193 193 191 190
 190  54  16  18  20  20  27  52 136 196 196 197 197 196 195 195
 193  55  22  58  66  66  47  23  25 145 198 199 198 198 197 196
 195  55  22 144 198 199 199 106  22  68 201 201 200 200 199 200
 196  58  22 144 199 202 202 139  22  57 205 203 201 201 202 201
 199  67  22 134 183 183 182  58  22  96 201  79  79  83 134 203
 198  65  22  24  22  21  18  22  41 180 193  22 125 127 165 204
 202  63  22  62  77  69  82 123 188 209 175  29  99 131 198 207
 202  62  21 157 208 210 210 210 211 210 163  52 128  61 100 209
 202  58  22 158 209 211 211 211 212 212 209 208 210 154  59 209
 203  63  21 159 210 212 211 213 212 211 143  55 208 122  74 209
 203  91  51 170 211 212 212 213 213 213 206  67  36  45 176 209
 205 205 206 208 210 211 211 211 211 212 212 210 201 207 209 210
 204 206 207 208 208 210 169 106 105 108 207 211 210 209 210 208
 204 205 206 208 208 209 130  22  23  27 209 209 209 209 209 209
 203 204 205 206 206 206 126  21  22  26 209 207 207 207 208 206
 184 178 173 171 168 168 172 185 187 188 186 185 184 186 184 181
 187  59  27  30  33  31  36  59 128 189 191 188 189 190 189 187
 188  53  19  65  91  95  70  21  24 139 193 193 193 193 193 192
 189  53  20 164 192 191 188 110  19  93 190 195 195 193 194 193
 194  55  20 172 198 198 197 131  20  75 189 197 199 198 197 197
 193  64  20 157 172 171 173  62  19 100 188  88  75  80 136 197
 198  62  19  31  37  35  23  19  44 183 177  50 133 141 174 200
 197  62  19  70  88 101 109 131 189 203 168  47 101 133 187 200
 198  60  20 181 197 200 203 206 207 207 163  85 131  64 105 199
 203  57  20 190 205 206 207 208 209 208 202 195 205 157  66 195
 202  57  21 192 205 209 209 209 209 211 151  85 199 122  81 199
 203  93  61 198 208 209 210 209 209 209 199  84  54  58 171 203
 199 201 199 209 209 208 207 209 209 210 208 203 207 205 205 204
 200 203 204 206 209 208 172 123 120 125 204 205 206 204 205 204
 198 204 204 204 206 206 131  20  17  38 192 204 205 203 204 202
 196 201 203 203 203 205 128  20  19  36 187 203 203 203 202 202

 185 192 194 197 199 201 202 204 205 204 205 205 205 204 205 202
 187 194 196 198 201 139 171 195 105  63  78 181 207 206 206 204
 189 194 197 198 200  89 139 130  57 151 120  50 207 207 206 205
 189 195 198 199 201  83 129  99 128 208 207  36 203 208 208 206
 189 196 198 200 201  83  28  31  59 203  58  65 207 209 208 206
 189 195 198 199 202 198 189 174 163 204 141 206 209 207 206 203
 193 195 148  77  61  98 180 207 208 210 211 211 211 114  27  27
 192 142  24  21  22  22  40 187 207 209 211 211 210 109  20  22
 191  59  23 105 137  60  21 124 209 210 211 210 209 110  18  21
 181  34  44 196 203 181  21  80 207 210 209 210 210 170 130 127
 179  30  61 197 202 182  26  65 206 209 210 211 210 209 208 206
 180  31  62 196 199 183  28  74 206 207 208 209 209 209 209 207
 180  29  55 142 143 132  26  58 151 156 157 169 206 208 207 206
 180  26  22  21  20  20  22  21  20  20  21  53 205 207 205 205
 183  64  61  61  63  73  71  69  68  65  66  97 203 205 204 202
 186 188 189 193 194 195 198 200 201 201 202 203 203 202 201 200
 190 195 196 200 201 203 204 207 209 209 209 209 210 208 209 206
 191 195 197 199 202 134 165 198 100  59  74 176 209 210 209 208
 193 196 198 200 201  83 127 131  61 154 122  45 207 209 209 207
 193 197 198 200 201  79 125  99 128 210 208  36 201 210 209 207
 194 197 199 201 203  79  22  29  52 208  55  67 210 211 209 207
 194 196 198 201 205 201 193 175 163 209 143 206 212 207 209 209
 194 196 145  68  57  96 180 209 210 212 211 213 212 108  27  26
 194 136  25  22  22  22  41 188 211 212 212 213 211 105  23  22
 193  52  23 106 139  58  22 123 210 211 213 213 211 106  22  21
 182  27  47 199 202 182  18  82 210 211 211 212 211 169 130 126
 177  20  66 199 202 183  21  69 210 211 212 212 211 210 209 206
 179  20  66 198 199 183  22  77 208 209 210 211 210 208 208 206
 179  18  58 144 144 134  24  62 157 158 159 170 208 208 208 206
 182  16  22  22  22  22  22  22  21  22  21  51 206 207 206 205
 185  54  55  55  58  67  65  63  62  58  63  91 205 206 205 204
 189 190 193 195 196 199 198 202 202 202 203 203 205 204 204 203
 181 187 192 193 197 197 200 200 199 195 199 203 204 204 202 202
 184 189 193 194 197 136 174 187 105  66  81 171 205 205 204 202
 186 190 193 193 198  80 141 133  64 157 122  58 205 204 203 203
 184 189 193 195 199  75 133 101 131 205 199  54 207 206 205 203
 185 188 193 195 197  88  50  47  85 195  85  84 203 205 204 203
 186 191 193 190 189 188 177 168 163 202 151 199 208 204 192 187
 188 189 139  93  75 100 183 203 207 208 211 209 210 125  38  36
 187 128  24  19  20  19  44 189 207 209 209 209 209 120  17  19
 185  59  21 110 131  62  19 131 206 208 209 209 209 123  20  20
 172  36  70 188 197 173  23 109 203 207 209 210 207 172 131 128
 168  31  95 191 198 171  35 101 200 206 209 209 208 208 206 205
 168  33  91 192 198 172  37  88 197 205 205 208 209 209 206 203
 171  30  65 164 172 157  31  70 181 190 192 198 209 206 204 203
 173  27  19  20  20  20  19  19  20  20  21  61 199 204 204 203
 178  59  53  53  55  64  62  62  60  57  57  93 201 203 204 201
 184 187 188 189 194 193 198 197 198 203 202 203 199 200 198 196

 202 204 205 206 206 203  27  22  21 127 206 207 206 205 202 200
 205 206 206 208 208 206  27  20  18 130 208 209 207 205 204 201
 204 206 207 208 209 207 114 109 110 170 209 209 208 207 205 202
 205 207 207 203 207 209 211 210 209 210 210 209 206 205 203 203
 205 181  50  36  65 206 211 211 210 210 211 209 169  53  97 203
 205  78 120 207  58 141 211 211 211 209 210 208 157  21  66 202
 204  63 151 208 203 204 210 209 210 210 209 207 156  20  65 201
 205 105  57 128  59 163 208 207 209 207 206 206 151  20  68 201
 204 195 130  99  31 174 207 187 124  80  65  74  58  21  69 200
 202 171 139 129  28 189 180  40  21  21  26  28  26  22  71 198
 201 139  89  83  83 198  98  22  60 181 182 183 132  20  73 195
 199 201 200 201 201 202  61  22 137 203 202 199 143  20  63 194
 197 198 198 199 200 199  77  21 105 196 197 196 142  21  61 193
 194 196 197 198 198 198 148  24  23  44  61  62  55  22  61 189
 192 194 194 195 196 195 195 142  59  34  30  31  29  26  64 188
 185 187 189 189 189 189 193 192 191 181 179 180 180 180 183 186
 206 208 207 207 207 209  26  22  21 126 206 206 206 205 204 203
 209 209 209 209 209 209  27  23  22 130 209 208 208 206 205 204
 208 210 209 210 211 207 108 105 106 169 210 208 208 207 206 204
 210 209 207 201 210 212 212 211 211 211 211 210 208 206 205 205
 209 176  45  36  67 206 213 213 213 212 212 211 170  51  91 203
 209  74 122 208  55 143 211 212 213 211 212 210 159  21  63 203
 209  59 154 210 208 209 212 212 211 211 211 209 158  22  58 202
 209 100  61 128  52 163 210 211 210 210 210 208 157  21  62 202
 207 198 131  99  29 175 209 188 123  82  69  77  62  22  63 202
 204 165 127 125  22 193 180  41  22  18  21  22  24  22  65 198
 203 134  83  79  79 201  96  22  58 182 183 183 134  22  67 199
 201 202 201 201 203 205  57  22 139 202 202 199 144  22  58 196
 200 199 200 200 201 201  68  22 106 199 199 198 144  22  55 195
 196 197 198 198 199 198 145  25  23  47  66  66  58  22  55 193
 195 195 196 197 197 196 196 136  52  27  20  20  18  16  54 190
 190 191 193 193 194 194 194 194 193 182 177 179 179 182 185 189
 202 202 203 203 203 187  36  19  20 128 205 203 203 203 201 196
 202 204 203 205 204 192  38  17  20 131 206 206 204 204 204 198
 204 205 204 206 205 204 125 120 123 172 208 209 206 204 203 200
 204 205 205 207 203 208 210 209 209 207 208 209 209 199 201 199
 203 171  58  54  84 199 209 209 209 210 209 208 198  61  93 203
 199  81 122 199  85 151 211 209 209 209 209 205 192  21  57 202
 195  66 157 205 195 202 208 209 208 207 206 205 190  20  57 203
 199 105  64 131  85 163 207 207 206 203 200 197 181  20  60 198
 200 187 133 101  47 168 203 189 131 109 101  88  70  19  62 197
 200 174 141 133  50 177 183  44  19  23  35  37  31  19  62 198
 197 136  80  75  88 188 100  19  62 173 171 172 157  20  64 193
 197 197 198 199 197 189  75  20 131 197 198 198 172  20  55 194
 193 194 193 195 195 190  93  19 110 188 191 192 164  20  53 189
 192 193 193 193 193 193 139  24  21  70  95  91  65  19  53 188
 187 189 190 189 188 191 189 128  59  36  31  33  30  27  59 187
 181 184 186 184 185 186 188 187 185 172 168 168 171 173 178 184

 200 201 202 203 203 202 201 201 200 198 195 194 193 189 188 186
 202 204 205 203  97  66  65  68  69  71  73  63  61  61  64 183
 205 205 207 205  53  21  20  20  21  22  20  20  21  22  26 180
 206 207 208 206 169 157 156 151  58  26 132 143 142  55  29 180
 207 209 209 209 209 208 207 206  74  28 183 199 196  62  31 180
 206 208 209 210 211 210 209 206  65  26 182 202 197  61  30 179
 127 130 170 210 210 209 210 207  80  21 181 203 196  44  34 181
  21  18 110 209 210 211 210 209 124  21  60 137 105  23  59 191
  22  20 109 210 211 211 209 207 187  40  22  22  21  24 142 192
  27  27 114 211 211 211 210 208 207 180  98  61  77 148 195 193
 203 206 207 209 206 141 204 163 174 189 198 202 199 198 195 189
 206 208 209 207  65  58 203  59  31  28  83 201 200 198 196 189
 206 208 208 203  36 207 208 128  99 129  83 201 199 198 195 189
 205 206 207 207  50 120 151  57 130 139  89 200 198 197 194 189
 204 206 206 207 181  78  63 105 195 171 139 201 198 196 194 187
 202 205 204 205 205 205 204 205 204 202 201 199 197 194 192 185
 203 204 204 205 203 203 202 202 202 198 199 196 195 193 190 189
 204 205 206 205  91  63  58  62  63  65  67  58  55  55  54 185
 205 206 207 206  51  21  22  21  22  22  22  22  22  22  16 182
 206 208 208 208 170 159 158 157  62  24 134 144 144  58  18 179
 206 208 208 210 211 210 209 208  77  22 183 199 198  66  20 179
 206 209 210 211 212 212 211 210  69  21 183 202 199  66  20 177
 126 130 169 211 212 211 211 210  82  18 182 202 199  47  27 182
  21  22 106 211 213 213 211 210 123  22  58 139 106  23  52 193
  22  23 105 211 213 212 212 211 188  41  22  22  22  25 136 194
  26  27 108 212 213 211 212 210 209 180  96  57  68 145 196 194
 209 209 207 212 206 143 209 163 175 193 201 205 201 198 196 194
 207 209 211 210  67  55 208  52  29  22  79 203 201 199 197 194
 207 209 210 201  36 208 210 128  99 125  79 201 200 198 197 193
 207 209 209 207  45 122 154  61 131 127  83 201 200 198 196 193
 208 209 210 209 176  74  59 100 198 165 134 202 199 197 195 191
 206 209 208 210 209 209 209 209 207 204 203 201 200 196 195 190
 196 198 200 199 203 202 203 198 197 198 193 194 189 188 187 184
 201 204 203 201  93  57  57  60  62  62  64  55  53  53  59 178
 203 204 204 199  61  21  20  20  19  19  20  20  20  19  27 173
 203 204 206 209 198 192 190 181  70  31 157 172 164  65  30 171
 203 206 209 209 208 205 205 197  88  37 172 198 192  91  33 168
 205 206 208 208 209 209 206 200 101  35 171 198 191  95  31 168
 128 131 172 207 210 209 207 203 109  23 173 197 188  70  36 172
  20  20 123 209 209 209 208 206 131  19  62 131 110  21  59 185
  19  17 120 209 209 209 209 207 189  44  19  20  19  24 128 187
  36  38 125 210 209 211 208 207 203 183 100  75  93 139 189 188
 187 192 204 208 199 151 202 163 168 177 188 189 190 193 191 186
 203 204 205 203  84  85 195  85  47  50  88 197 195 193 188 185
 203 205 206 207  54 199 205 131 101 133  75 199 195 193 189 184
 203 203 204 205  58 122 157  64 133 141  80 198 193 193 190 186
 202 204 205 205 171  81  66 105 187 174 136 197 194 193 189 184
 202 202 204 204 203 199 195 199 200 200 197 197 193 192 187 181

