 225 212 216 215 219 221 223 227 229 230 230 233 229 229 228 223
 222  69  37  37  28  29  38  88 194 235 236 235 236 234 234 231
 221  62  21  70  93  95  56  21  38 207 237 237 236 236 235 233
 221  60  31 209 235 236 230  89  21 153 239 239 238 238 236 235
 226  55  35 216 237 238 238 117  21 146 240 240 236 238 237 236
 223  55  32 197 216 215 178  44  22 179 235 127  80 122 228 237
 227  52  21  31  27  22  26  21  87 240 161  84 202  81 151 239
 233  45  22  85  95 112 131 179 240 245 207 221 241  98 147 240
 233  42  24 227 242 243 243 243 243 243 244 241 154  63 230 240
 235  43  28 232 242 242 243 245 244 245 242 142  65 211 240 240
 232  44  28 228 242 243 243 243 244 242 170  45 172 189 211 238
 231 128  91 215 241 243 244 243 244 242 125  64  73  79 150 238
 234 233 237 236 239 242 241 241 240 239 239 235 238 234 233 237
 229 233 234 237 238 239 157  95  93 137 238 238 238 237 237 235
 228 232 234 233 236 234 118  22  22  74 234 236 236 235 235 234
 226 229 230 232 234 233 130  22  22  71 232 232 231 233 231 230
 222 209 211 214 219 221 225 228 229 230 230 229 230 229 229 227
 223  46  25  26  20  19  31  75 185 231 231 232 232 231 230 228
 224  46  21  74  97  97  52  20  34 200 233 233 233 233 232 231
 225  42  26 206 231 232 228  85  22 147 235 234 234 234 233 232
 226  40  29 212 232 233 233 110  21 141 237 236 234 236 234 233
 226  36  28 195 215 214 169  35  22 173 232 119  66 113 226 235
 231  34  21  24  20  16  18  21  80 237 155  69 193  75 143 236
 228  32  22  81  90 108 122 177 239 238 206 216 238  89 139 236
 228  30  25 222 236 239 238 240 241 241 241 238 150  52 225 237
 227  28  27 225 237 238 239 240 241 241 239 137  49 202 238 237
 230  28  29 222 236 238 240 240 241 239 168  37 167 191 209 236
 230  95  77 212 235 237 237 238 238 238 109  55  71  79 148 235
 228 229 230 233 235 235 236 236 237 236 237 236 237 237 236 233
 227 229 230 232 233 234 147  79  81 121 234 233 234 234 233 232
 226 227 229 229 230 230 108  22  22  71 232 232 232 232 231 230
 222 225 225 226 226 228 122  22  22  67 229 228 228 228 228 227
 224 210 210 211 208 211 220 228 231 231 232 230 230 230 226 224
 226  64  37  35  26  23  29  88 192 233 235 234 234 234 233 231
 224  52  26  81 107 108  76  25  46 210 236 237 237 235 234 234
 224  49  42 215 233 235 230  93  19 154 236 239 239 238 237 235
 225  44  44 221 238 240 240 112  22 150 237 239 239 239 239 238
 223  40  45 202 209 211 163  42  21 184 235 125  93 129 225 238
 236  33  21  39  38  33  27  21  99 238 158  93 207  91 144 240
 238  33  23  97 108 130 142 178 241 247 209 223 242 101 139 240
 237  30  29 242 240 241 243 247 246 245 246 245 154  66 226 242
 239  30  30 243 244 245 247 247 245 245 245 141  72 208 240 242
 233  27  33 235 248 246 246 247 245 244 166  54 180 201 216 242
 233 115  99 226 247 247 247 244 247 245 128  76  94  95 164 239
 238 237 236 241 242 243 243 242 240 240 236 234 234 231 233 237
 235 238 240 238 241 241 152 109 113 155 235 242 238 237 237 236
 232 235 236 236 238 239  99  22  20  88 228 235 236 234 234 233
 230 230 233 235 235 233 120  22  20  86 225 232 234 234 232 230

 223 231 233 235 236 237 239 240 240 240 238 238 237 235 234 230
 228 234 235 236 237 228 151 147 230 240 211 150 233 237 235 231
 229 234 236 238 238 122  81  98  63 211 189  79 234 237 235 233
 229 236 236 238 236  80 202 241 154  65 172  73 238 238 236 231
 233 235 237 239 240 127  84 221 241 142  45  64 235 238 236 232
 230 236 237 239 240 235 161 207 244 242 170 125 239 238 234 232
 230 235 207 153 146 179 240 245 243 245 242 242 239 137  74  71
 229 194  38  21  21  22  87 240 243 244 244 244 240  93  22  22
 227  88  21  89 117  44  21 179 243 245 243 243 241  95  22  22
 223  38  56 230 238 178  26 131 243 243 243 244 241 157 118 130
 221  29  95 236 238 215  22 112 243 242 243 243 242 239 234 233
 219  28  93 235 237 216  27  95 242 242 242 241 239 238 236 234
 215  37  70 209 216 197  31  85 227 232 228 215 236 237 233 232
 216  37  21  31  35  32  21  22  24  28  28  91 237 234 234 230
 212  69  62  60  55  55  52  45  42  43  44 128 233 233 232 229
 225 222 221 221 226 223 227 233 233 235 232 231 234 229 228 226
 227 228 231 232 233 235 236 236 237 237 236 235 233 232 230 227
 229 230 232 233 234 226 143 139 225 238 209 148 236 233 231 228
 229 231 233 234 236 113  75  89  52 202 191  79 237 234 232 228
 230 232 233 234 234  66 193 238 150  49 167  71 237 234 232 228
 229 232 233 234 236 119  69 216 238 137  37  55 236 233 232 228
 230 231 233 235 237 232 155 206 241 239 168 109 237 234 232 229
 230 231 200 147 141 173 237 238 241 241 239 238 236 121  71  67
 229 185  34  22  21  22  80 239 241 241 241 238 237  81  22  22
 228  75  20  85 110  35  21 177 240 240 240 238 236  79  22  22
 225  31  52 228 233 169  18 122 238 239 240 237 236 147 108 122
 221  19  97 232 233 214  16 108 239 238 238 237 235 234 230 228
 219  20  97 231 232 215  20  90 236 237 236 235 235 233 230 226
 214  26  74 206 212 195  24  81 222 225 222 212 233 232 229 226
 211  25  21  26  29  28  21  22  25  27  29  77 230 230 229 225
 209  46  46  42  40  36  34  32  30  28  28  95 229 229 227 225
 222 223 224 225 226 226 231 228 228 227 230 230 228 227 226 222
 224 231 234 235 238 238 240 240 242 242 242 239 237 236 233 230
 226 233 234 237 239 225 144 139 226 240 216 164 233 237 234 232
 230 234 235 238 239 129  91 101  66 208 201  95 231 237 234 234
 230 234 237 239 239  93 207 242 154  72 180  94 234 238 236 234
 230 234 237 239 239 125  93 223 245 141  54  76 234 242 235 232
 232 235 236 236 237 235 158 209 246 245 166 128 236 235 228 225
 231 233 210 154 150 184 238 247 245 245 244 245 240 155  88  86
 231 192  46  19  22  21  99 241 246 245 245 247 240 113  20  20
 228  88  25  93 112  42  21 178 247 247 247 244 242 109  22  22
 220  29  76 230 240 163  27 142 243 247 246 247 243 152  99 120
 211  23 108 235 240 211  33 130 241 245 246 247 243 241 239 233
 208  26 107 233 238 209  38 108 240 244 248 247 242 241 238 235
 211  35  81 215 221 202  39  97 242 243 235 226 241 238 236 235
 210  37  26  42  44  45  21  23  29  30  33  99 236 240 236 233
 210  64  52  49  44  40  33  33  30  30  27 115 237 238 235 230
 224 226 224 224 225 223 236 238 237 239 233 233 238 235 232 230

 230 231 233 231 232 232  71  22  22 130 233 234 232 230 229 226
 234 235 235 236 236 234  74  22  22 118 234 236 233 234 232 228
 235 237 237 238 238 238 137  93  95 157 239 238 237 234 233 229
 237 233 234 238 235 239 239 240 241 241 242 239 236 237 233 234
 238 150  79  73  64 125 242 244 243 244 243 241 215  91 128 231
 238 211 189 172  45 170 242 244 243 243 243 242 228  28  44 232
 240 240 211  65 142 242 245 244 245 243 242 242 232  28  43 235
 240 230  63 154 241 244 243 243 243 243 243 242 227  24  42 233
 240 147  98 241 221 207 245 240 179 131 112  95  85  22  45 233
 239 151  81 202  84 161 240  87  21  26  22  27  31  21  52 227
 237 228 122  80 127 235 179  22  44 178 215 216 197  32  55 223
 236 237 238 236 240 240 146  21 117 238 238 237 216  35  55 226
 235 236 238 238 239 239 153  21  89 230 236 235 209  31  60 221
 233 235 236 236 237 237 207  38  21  56  95  93  70  21  62 221
 231 234 234 236 235 236 235 194  88  38  29  28  37  37  69 222
 223 228 229 229 233 230 230 229 227 223 221 219 215 216 212 225
 227 228 228 228 228 229  67  22  22 122 228 226 226 225 225 222
 230 231 232 232 232 232  71  22  22 108 230 230 229 229 227 226
 232 233 234 234 233 234 121  81  79 147 234 233 232 230 229 227
 233 236 237 237 236 237 236 237 236 236 235 235 233 230 229 228
 235 148  79  71  55 109 238 238 238 237 237 235 212  77  95 230
 236 209 191 167  37 168 239 241 240 240 238 236 222  29  28 230
 237 238 202  49 137 239 241 241 240 239 238 237 225  27  28 227
 237 225  52 150 238 241 241 241 240 238 239 236 222  25  30 228
 236 139  89 238 216 206 238 239 177 122 108  90  81  22  32 228
 236 143  75 193  69 155 237  80  21  18  16  20  24  21  34 231
 235 226 113  66 119 232 173  22  35 169 214 215 195  28  36 226
 233 234 236 234 236 237 141  21 110 233 233 232 212  29  40 226
 232 233 234 234 234 235 147  22  85 228 232 231 206  26  42 225
 231 232 233 233 233 233 200  34  20  52  97  97  74  21  46 224
 228 230 231 232 232 231 231 185  75  31  19  20  26  25  46 223
 227 229 229 230 229 230 230 229 228 225 221 219 214 211 209 222
 230 232 234 234 232 225  86  20  22 120 233 235 235 233 230 230
 233 234 234 236 235 228  88  20  22  99 239 238 236 236 235 232
 236 237 237 238 242 235 155 113 109 152 241 241 238 240 238 235
 237 233 231 234 234 236 240 240 242 243 243 242 241 236 237 238
 239 164  95  94  76 128 245 247 244 247 247 247 226  99 115 233
 242 216 201 180  54 166 244 245 247 246 246 248 235  33  27 233
 242 240 208  72 141 245 245 245 247 247 245 244 243  30  30 239
 242 226  66 154 245 246 245 246 247 243 241 240 242  29  30 237
 240 139 101 242 223 209 247 241 178 142 130 108  97  23  33 238
 240 144  91 207  93 158 238  99  21  27  33  38  39  21  33 236
 238 225 129  93 125 235 184  21  42 163 211 209 202  45  40 223
 238 239 239 239 239 237 150  22 112 240 240 238 221  44  44 225
 235 237 238 239 239 236 154  19  93 230 235 233 215  42  49 224
 234 234 235 237 237 236 210  46  25  76 108 107  81  26  52 224
 231 233 234 234 234 235 233 192  88  29  23  26  35  37  64 226
 224 226 230 230 230 232 231 231 228 220 211 208 211 210 210 224

 226 228 229 234 231 232 235 233 233 227 223 226 221 221 222 225
 229 232 233 233 128  44  43  42  45  52  55  55  60  62  69 212
 230 234 234 237  91  28  28  24  22  21  32  35  31  21  37 216
 232 233 237 236 215 228 232 227  85  31 197 216 209  70  37 215
 234 236 238 239 241 242 242 242  95  27 216 237 235  93  28 219
 233 234 239 242 243 243 242 243 112  22 215 238 236  95  29 221
 130 118 157 241 244 243 243 243 131  26 178 238 230  56  38 223
  22  22  95 241 243 243 245 243 179  21  44 117  89  21  88 227
  22  22  93 240 244 244 244 243 240  87  22  21  21  38 194 229
  71  74 137 239 242 242 245 243 245 240 179 146 153 207 235 230
 232 234 238 239 125 170 242 244 207 161 235 240 239 237 236 230
 232 236 238 235  64  45 142 241 221  84 127 240 239 237 235 233
 231 236 238 238  73 172  65 154 241 202  80 236 238 236 236 229
 233 235 237 234  79 189 211  63  98  81 122 238 238 236 234 229
 231 235 237 233 150 211 240 230 147 151 228 237 236 235 234 228
 230 234 235 237 238 238 240 240 240 239 237 236 235 233 231 223
 222 226 227 228 230 230 227 228 228 231 226 226 225 224 223 222
 225 227 229 229  95  28  28  30  32  34  36  40  42  46  46 209
 225 229 230 230  77  29  27  25  22  21  28  29  26  21  25 211
 226 229 232 233 212 222 225 222  81  24 195 212 206  74  26 214
 226 230 233 235 235 236 237 236  90  20 215 232 231  97  20 219
 228 230 234 235 237 238 238 239 108  16 214 233 232  97  19 221
 122 108 147 236 237 240 239 238 122  18 169 233 228  52  31 225
  22  22  79 236 238 240 240 240 177  21  35 110  85  20  75 228
  22  22  81 237 238 241 241 241 239  80  22  21  22  34 185 229
  67  71 121 236 238 239 241 241 238 237 173 141 147 200 231 230
 229 232 234 237 109 168 239 241 206 155 232 237 235 233 231 230
 228 232 233 236  55  37 137 238 216  69 119 236 234 233 232 229
 228 232 234 237  71 167  49 150 238 193  66 234 234 233 232 230
 228 232 234 237  79 191 202  52  89  75 113 236 234 233 231 229
 228 231 233 236 148 209 238 225 139 143 226 234 233 232 230 229
 227 230 232 233 235 236 237 237 236 236 235 233 232 231 228 227
 230 232 235 238 233 233 239 237 238 236 223 225 224 224 226 224
 230 235 238 237 115  27  30  30  33  33  40  44  49  52  64 210
 233 236 240 236  99  33  30  29  23  21  45  44  42  26  37 210
 235 236 238 241 226 235 243 242  97  39 202 221 215  81  35 211
 235 238 241 242 247 248 244 240 108  38 209 238 233 107  26 208
 233 239 241 243 247 246 245 241 130  33 211 240 235 108  23 211
 120  99 152 243 247 246 247 243 142  27 163 240 230  76  29 220
  22  22 109 242 244 247 247 247 178  21  42 112  93  25  88 228
  20  20 113 240 247 245 245 246 241  99  21  22  19  46 192 231
  86  88 155 240 245 244 245 245 247 238 184 150 154 210 233 231
 225 228 235 236 128 166 245 246 209 158 235 237 236 236 235 232
 232 235 242 234  76  54 141 245 223  93 125 239 239 237 234 230
 234 236 238 234  94 180  72 154 242 207  93 239 239 237 234 230
 234 234 237 231  95 201 208  66 101  91 129 239 238 235 234 230
 232 234 237 233 164 216 240 226 139 144 225 239 237 234 233 226
 230 233 236 237 239 242 242 242 240 240 238 238 235 234 231 224

