 226 195 187 181 185 186 202 230 233 234 235 235 234 234 232 230
 222  41  25  25  25  23  22  46 164 236 238 237 236 235 235 233
 228  33  21 118 126 120  82  24  25 185 239 239 239 238 237 235
 231  29  27 224 240 241 240 117  22 120 241 242 241 240 239 238
 230  48  27 215 242 244 242 132  21 112 242 244 243 241 241 240
 235  41  23 189 212 209 172  41  21 162 237 116  63 106 235 241
 240  37  22  20  20  21  20  21  82 238 180  49 220  74 148 243
 242  59  24  96 108 105 116 179 242 249 207  37 176  46 177 245
 243  53  21 221 245 249 249 249 250 249 246  66  24  46 227 247
 245  52  23 216 250 250 250 250 250 250 156  74 231 111 106 248
 243  69  26 206 250 250 250 250 250 250 143  95 243 133  85 247
 248 109  76 218 250 250 250 250 250 250 229  89  53  71 213 250
 246 247 249 249 250 250 250 250 250 249 249 246 238 244 248 248
 245 249 248 249 240 131 107 116 113 111 115 158 249 249 249 249
 244 247 248 249 236  34  21  21  22  22  22  85 249 249 249 248
 243 246 247 248 240  28  22  22  22  22  22  77 247 248 248 245
 225 186 180 170 173 176 194 225 233 234 233 233 233 233 231 230
 221  31  16  16  16  16  18  33 159 235 236 236 235 235 234 233
 225  29  22 120 129 124  86  24  24 177 238 239 238 237 238 237
 229  25  26 221 238 239 239 116  21 115 241 240 240 240 239 238
 230  40  28 215 241 242 242 129  20 109 244 244 243 243 241 241
 236  32  23 189 204 205 171  35  21 157 238 115  59 102 232 242
 240  25  22  18  16  16  19  21  80 236 182  42 219  74 140 246
 238  49  26  99 114 109 121 179 242 250 210  38 174  46 166 247
 243  43  21 222 250 250 250 250 250 250 246  69  24  43 226 248
 242  44  23 220 250 250 250 250 250 250 155  68 227 113 101 249
 243  57  26 210 250 250 250 250 250 250 140  91 245 136  78 249
 247  89  54 216 250 250 250 250 250 250 229  86  50  61 205 250
 246 247 249 249 250 250 250 250 250 250 250 249 243 249 250 250
 245 247 249 249 240 124  97 104 101 106 113 157 250 250 250 249
 242 246 248 249 236  31  21  21  22  21  22  84 252 250 249 248
 241 244 245 247 240  23  22  22  22  22  21  72 248 248 248 247
 229 177 176 177 181 186 201 224 233 234 234 234 232 234 231 229
 217  41  29  30  30  30  31  54 156 232 238 237 236 235 236 233
 228  28  24 134 147 142  95  29  26 183 239 239 239 238 238 237
 232  24  40 231 241 243 238 122  21 133 239 243 241 241 241 240
 231  43  39 231 243 244 245 137  26 117 241 243 239 242 243 242
 234  39  22 195 196 193 153  48  21 165 233 123  79 117 227 245
 235  36  21  30  32  33  26  23  97 234 176  66 224  89 151 243
 237  55  25 113 127 123 137 186 239 243 201  55 173  48 174 243
 245  47  25 227 242 244 244 243 243 244 238  70  25  52 218 244
 246  45  29 231 243 243 243 243 243 243 160  83 227 122 115 243
 241  65  35 217 243 243 243 243 243 243 150 110 235 138  97 241
 242 105  88 232 243 243 243 243 243 243 227 108  84  86 206 244
 247 241 239 243 243 243 243 243 243 243 243 239 232 238 243 244
 244 245 244 245 231 142 130 133 135 139 142 170 240 243 245 245
 245 245 245 244 223  34  21  21  22  22  20  93 236 244 244 244
 246 247 246 245 234  33  22  22  22  22  21 101 239 244 244 245

 230 233 235 238 240 241 243 245 247 248 247 250 248 249 248 245
 232 235 237 239 241 235 148 177 227 106  85 213 248 249 249 248
 234 235 238 240 241 106  74  46  46 111 133  71 244 249 249 248
 234 236 239 241 243  63 220 176  24 231 243  53 238 249 249 247
 235 237 239 242 244 116  49  37  66  74  95  89 246 158  85  77
 235 238 239 241 242 237 180 207 246 156 143 229 249 115  22  22
 234 236 185 120 112 162 238 249 249 250 250 250 249 111  22  22
 233 164  25  22  21  21  82 242 250 250 250 250 250 113  22  22
 230  46  24 117 132  41  21 179 249 250 250 250 250 116  21  22
 202  22  82 240 242 172  20 116 249 250 250 250 250 107  21  22
 186  23 120 241 244 209  21 105 249 250 250 250 250 131  34  28
 185  25 126 240 242 212  20 108 245 250 250 250 250 240 236 240
 181  25 118 224 215 189  20  96 221 216 206 218 249 249 249 248
 187  25  21  27  27  23  22  24  21  23  26  76 249 248 248 247
 195  41  33  29  48  41  37  59  53  52  69 109 247 249 247 246
 226 222 228 231 230 235 240 242 243 245 243 248 246 245 244 243
 230 233 237 238 241 242 246 247 248 249 249 250 250 249 248 247
 231 234 238 239 241 232 140 166 226 101  78 205 250 250 249 248
 233 235 237 240 243 102  74  46  43 113 136  61 249 250 250 248
 233 235 238 240 243  59 219 174  24 227 245  50 243 250 252 248
 233 236 239 240 244 115  42  38  69  68  91  86 249 157  84  72
 233 236 238 241 244 238 182 210 246 155 140 229 250 113  22  21
 234 235 177 115 109 157 236 250 250 250 250 250 250 106  21  22
 233 159  24  21  20  21  80 242 250 250 250 250 250 101  22  22
 225  33  24 116 129  35  21 179 250 250 250 250 250 104  21  22
 194  18  86 239 242 171  19 121 250 250 250 250 250  97  21  22
 176  16 124 239 242 205  16 109 250 250 250 250 250 124  31  23
 173  16 129 238 241 204  16 114 250 250 250 250 250 240 236 240
 170  16 120 221 215 189  18  99 222 220 210 216 249 249 249 247
 180  16  22  26  28  23  22  26  21  23  26  54 249 249 248 245
 186  31  29  25  40  32  25  49  43  44  57  89 247 247 246 244
 225 221 225 229 230 236 240 238 243 242 243 247 246 245 242 241
 229 233 237 240 242 245 243 243 244 243 241 244 244 245 244 245
 231 236 238 241 243 227 151 174 218 115  97 206 243 245 244 244
 234 235 238 241 242 117  89  48  52 122 138  86 238 243 244 244
 232 236 239 241 239  79 224 173  25 227 235  84 232 240 236 239
 234 237 239 243 243 123  66  55  70  83 110 108 239 170  93 101
 234 238 239 239 241 233 176 201 238 160 150 227 243 142  20  21
 234 232 183 133 117 165 234 243 244 243 243 243 243 139  22  22
 233 156  26  21  26  21  97 239 243 243 243 243 243 135  22  22
 224  54  29 122 137  48  23 186 243 243 243 243 243 133  21  22
 201  31  95 238 245 153  26 137 244 243 243 243 243 130  21  22
 186  30 142 243 244 193  33 123 244 243 243 243 243 142  34  33
 181  30 147 241 243 196  32 127 242 243 243 243 243 231 223 234
 177  30 134 231 231 195  30 113 227 231 217 232 243 245 244 245
 176  29  24  40  39  22  21  25  25  29  35  88 239 244 245 246
 177  41  28  24  43  39  36  55  47  45  65 105 241 245 245 247
 229 217 228 232 231 234 235 237 245 246 241 242 247 244 245 246

 245 248 248 247  77  22  22  22  22  22  28 240 248 247 246 243
 248 249 249 249  85  22  22  22  21  21  34 236 249 248 247 244
 249 249 249 249 158 115 111 113 116 107 131 240 249 248 249 245
 248 248 244 238 246 249 249 250 250 250 250 250 249 249 247 246
 250 213  71  53  89 229 250 250 250 250 250 250 218  76 109 248
 247  85 133 243  95 143 250 250 250 250 250 250 206  26  69 243
 248 106 111 231  74 156 250 250 250 250 250 250 216  23  52 245
 247 227  46  24  66 246 249 250 249 249 249 245 221  21  53 243
 245 177  46 176  37 207 249 242 179 116 105 108  96  24  59 242
 243 148  74 220  49 180 238  82  21  20  21  20  20  22  37 240
 241 235 106  63 116 237 162  21  41 172 209 212 189  23  41 235
 240 241 241 243 244 242 112  21 132 242 244 242 215  27  48 230
 238 239 240 241 242 241 120  22 117 240 241 240 224  27  29 231
 235 237 238 239 239 239 185  25  24  82 120 126 118  21  33 228
 233 235 235 236 237 238 236 164  46  22  23  25  25  25  41 222
 230 232 234 234 235 235 234 233 230 202 186 185 181 187 195 226
 247 248 248 248  72  21  22  22  22  22  23 240 247 245 244 241
 248 249 250 252  84  22  21  22  21  21  31 236 249 248 246 242
 249 250 250 250 157 113 106 101 104  97 124 240 249 249 247 245
 250 250 249 243 249 250 250 250 250 250 250 250 249 249 247 246
 250 205  61  50  86 229 250 250 250 250 250 250 216  54  89 247
 249  78 136 245  91 140 250 250 250 250 250 250 210  26  57 243
 249 101 113 227  68 155 250 250 250 250 250 250 220  23  44 242
 248 226  43  24  69 246 250 250 250 250 250 250 222  21  43 243
 247 166  46 174  38 210 250 242 179 121 109 114  99  26  49 238
 246 140  74 219  42 182 236  80  21  19  16  16  18  22  25 240
 242 232 102  59 115 238 157  21  35 171 205 204 189  23  32 236
 241 241 243 243 244 244 109  20 129 242 242 241 215  28  40 230
 238 239 240 240 240 241 115  21 116 239 239 238 221  26  25 229
 237 238 237 238 239 238 177  24  24  86 124 129 120  22  29 225
 233 234 235 235 236 236 235 159  33  18  16  16  16  16  31 221
 230 231 233 233 233 233 234 233 225 194 176 173 170 180 186 225
 245 244 244 239 101  21  22  22  22  22  33 234 245 246 247 246
 244 244 244 236  93  20  22  22  21  21  34 223 244 245 245 245
 245 245 243 240 170 142 139 135 133 130 142 231 245 244 245 244
 244 243 238 232 239 243 243 243 243 243 243 243 243 239 241 247
 244 206  86  84 108 227 243 243 243 243 243 243 232  88 105 242
 241  97 138 235 110 150 243 243 243 243 243 243 217  35  65 241
 243 115 122 227  83 160 243 243 243 243 243 243 231  29  45 246
 244 218  52  25  70 238 244 243 243 244 244 242 227  25  47 245
 243 174  48 173  55 201 243 239 186 137 123 127 113  25  55 237
 243 151  89 224  66 176 234  97  23  26  33  32  30  21  36 235
 245 227 117  79 123 233 165  21  48 153 193 196 195  22  39 234
 242 243 242 239 243 241 117  26 137 245 244 243 231  39  43 231
 240 241 241 241 243 239 133  21 122 238 243 241 231  40  24 232
 237 238 238 239 239 239 183  26  29  95 142 147 134  24  28 228
 233 236 235 236 237 238 232 156  54  31  30  30  30  29  41 217
 229 231 234 232 234 234 234 233 224 201 186 181 177 176 177 229

 243 244 245 246 248 243 245 243 242 240 235 230 231 228 222 226
 246 247 249 247 109  69  52  53  59  37  41  48  29  33  41 195
 247 248 248 249  76  26  23  21  24  22  23  27  27  21  25 187
 248 249 249 249 218 206 216 221  96  20 189 215 224 118  25 181
 240 236 240 250 250 250 250 245 108  20 212 242 240 126  25 185
  28  34 131 250 250 250 250 249 105  21 209 244 241 120  23 186
  22  21 107 250 250 250 250 249 116  20 172 242 240  82  22 202
  22  21 116 250 250 250 250 249 179  21  41 132 117  24  46 230
  22  22 113 250 250 250 250 250 242  82  21  21  22  25 164 233
  22  22 111 249 250 250 250 249 249 238 162 112 120 185 236 234
  22  22 115 249 229 143 156 246 207 180 237 242 241 239 238 235
  77  85 158 246  89  95  74  66  37  49 116 244 242 239 237 235
 247 249 249 238  53 243 231  24 176 220  63 243 241 239 236 234
 248 249 249 244  71 133 111  46  46  74 106 241 240 238 235 234
 248 249 249 248 213  85 106 227 177 148 235 241 239 237 235 232
 245 248 249 248 250 247 248 247 245 243 241 240 238 235 233 230
 241 242 245 246 247 243 242 243 238 240 236 230 229 225 221 225
 244 246 247 247  89  57  44  43  49  25  32  40  25  29  31 186
 245 248 249 249  54  26  23  21  26  22  23  28  26  22  16 180
 247 249 249 249 216 210 220 222  99  18 189 215 221 120  16 170
 240 236 240 250 250 250 250 250 114  16 204 241 238 129  16 173
  23  31 124 250 250 250 250 250 109  16 205 242 239 124  16 176
  22  21  97 250 250 250 250 250 121  19 171 242 239  86  18 194
  22  21 104 250 250 250 250 250 179  21  35 129 116  24  33 225
  22  22 101 250 250 250 250 250 242  80  21  20  21  24 159 233
  22  21 106 250 250 250 250 250 250 236 157 109 115 177 235 234
  21  22 113 250 229 140 155 246 210 182 238 244 241 238 236 233
  72  84 157 249  86  91  68  69  38  42 115 244 240 239 236 233
 248 252 250 243  50 245 227  24 174 219  59 243 240 238 235 233
 248 250 250 249  61 136 113  43  46  74 102 243 240 237 235 233
 248 249 250 250 205  78 101 226 166 140 232 241 239 238 234 231
 247 248 249 250 250 249 249 248 247 246 242 241 238 237 233 230
 246 245 244 247 242 241 246 245 237 235 234 231 232 228 217 229
 247 245 245 241 105  65  45  47  55  36  39  43  24  28  41 177
 246 245 244 239  88  35  29  25  25  21  22  39  40  24  29 176
 245 244 245 243 232 217 231 227 113  30 195 231 231 134  30 177
 234 223 231 243 243 243 243 242 127  32 196 243 241 147  30 181
  33  34 142 243 243 243 243 244 123  33 193 244 243 142  30 186
  22  21 130 243 243 243 243 244 137  26 153 245 238  95  31 201
  22  21 133 243 243 243 243 243 186  23  48 137 122  29  54 224
  22  22 135 243 243 243 243 243 239  97  21  26  21  26 156 233
  22  22 139 243 243 243 243 244 243 234 165 117 133 183 232 234
  21  20 142 243 227 150 160 238 201 176 233 241 239 239 238 234
 101  93 170 239 108 110  83  70  55  66 123 243 243 239 237 234
 239 236 240 232  84 235 227  25 173 224  79 239 241 239 236 232
 244 244 243 238  86 138 122  52  48  89 117 242 241 238 235 234
 244 244 245 243 206  97 115 218 174 151 227 243 241 238 236 231
 245 244 245 244 244 241 243 244 243 243 245 242 240 237 233 229

