 189 169 165 167 172 175 182 192 193 194 194 192 192 191 190 188
 189  63  23  24  26  25  23  54 135 197 196 196 196 195 193 193
 191  54  22  69  77  77  60  22  23 146 198 198 197 197 197 194
 192  52  21 167 195 198 197 104  22  91 199 200 200 198 198 195
 194  59  21 154 199 200 202 129  20  72 201 201 200 200 199 198
 196  59  21 135 175 179 163  49  22 110 202 114  53  98 197 200
 197  61  22  20  23  21  20  22  51 196 152  45 157  61 128 201
 199  63  21  70  82  79  89 141 196 207 197 192 173  53 141 202
 202  68  20 158 204 206 209 209 208 210 209 209  55  26 153 205
 200  67  22 162 209 207 210 209 209 211 198 193 207 125  63 204
 202  70  22 161 207 211 210 210 211 211 152  54 200 103  77 207
 203 110  75 175 209 211 210 210 212 210 207  89  43  56 177 206
 202 206 206 208 208 209 208 209 208 210 209 206 202 204 206 205
 203 205 206 207 205  87  81  82  84  90  73  99 205 207 206 205
 201 204 205 205 201  27  21  20  20  21  22  55 206 205 204 204
 198 202 205 205 200  34  22  22  22  22  22  57 204 204 203 202
 187 166 163 166 170 173 181 191 191 193 193 193 193 193 191 189
 188  50  17  17  17  16  16  48 131 196 195 195 195 195 194 193
 189  47  20  71  82  80  62  22  22 141 197 197 197 197 197 196
 193  49  21 170 197 198 197 102  20  87 198 199 199 199 197 198
 195  54  21 158 199 199 201 129  19  69 201 201 201 201 200 199
 198  55  22 137 174 177 161  45  21 107 202 114  50  94 195 201
 200  55  21  19  18  16  20  21  50 195 152  44 158  61 123 203
 199  55  22  73  88  84  95 138 197 207 202 202 175  50 136 205
 201  57  21 161 206 207 208 209 208 209 209 208  50  24 148 205
 204  56  22 164 207 209 209 209 210 209 197 191 208 126  59 204
 202  63  22 162 207 209 210 209 210 210 151  50 201 107  72 207
 203  97  65 172 208 209 209 210 210 209 207  86  41  51 172 207
 202 204 205 206 207 208 209 208 209 208 208 207 207 207 207 207
 203 204 205 205 204  79  74  76  84  90  74 100 207 207 207 206
 201 202 203 204 202  24  22  22  21  21  22  54 207 206 206 206
 199 201 203 203 197  30  22  22  22  22  22  56 204 204 204 204
 191 164 157 160 164 168 178 190 192 192 192 192 191 190 189 186
 192  60  24  26  29  31  29  52 133 190 195 195 195 193 194 192
 193  54  22  77  93  96  71  27  27 145 195 196 197 197 196 194
 194  38  19 174 196 197 192 114  23  94 197 200 199 198 199 196
 192  50  21 165 201 204 202 125  25  75 199 202 201 201 201 200
 197  51  20 138 165 170 150  56  21 118 200 115  63 104 192 201
 197  56  22  25  32  30  25  23  63 197 152  57 163  70 127 202
 201  60  20  79  98  97 105 151 202 208 201 193 170  57 143 205
 204  66  21 168 204 208 210 211 212 212 211 207  97  26 158 206
 201  64  22 173 210 209 212 212 214 214 200 192 201 132  72 204
 203  57  22 174 212 214 213 214 215 214 151  71 196 106  82 204
 202 105  74 185 212 213 214 214 214 214 205 103  59  65 173 206
 206 204 203 208 212 211 211 213 213 213 212 206 201 204 209 208
 203 208 209 211 207 103 104 103 102 106  88 120 203 210 209 208
 204 208 208 209 203  27  20  20  22  21  22  75 197 208 207 207
 203 206 206 207 199  35  22  22  22  22  21  73 199 206 206 205

 188 193 194 195 198 200 201 202 205 204 207 206 205 205 204 202
 190 193 197 198 199 197 128 141 153  63  77 177 206 206 204 203
 191 195 197 198 200  98  61  53  26 125 103  56 204 207 205 204
 192 196 197 200 200  53 157 173  55 207 200  43 202 205 206 204
 192 196 198 200 201 114  45 192 209 193  54  89 206  99  55  57
 194 196 198 199 201 202 152 197 209 198 152 207 209  73  22  22
 194 197 146  91  72 110 196 207 210 211 211 210 210  90  21  22
 193 135  23  22  20  22  51 196 208 209 211 212 208  84  20  22
 192  54  22 104 129  49  22 141 209 209 210 210 209  82  20  22
 182  23  60 197 202 163  20  89 209 210 210 210 208  81  21  22
 175  25  77 198 200 179  21  79 206 207 211 211 209  87  27  34
 172  26  77 195 199 175  23  82 204 209 207 209 208 205 201 200
 167  24  69 167 154 135  20  70 158 162 161 175 208 207 205 205
 165  23  22  21  21  21  22  21  20  22  22  75 206 206 205 205
 169  63  54  52  59  59  61  63  68  67  70 110 206 205 204 202
 189 189 191 192 194 196 197 199 202 200 202 203 202 203 201 198
 189 193 196 198 199 201 203 205 205 204 207 207 207 206 206 204
 191 194 197 197 200 195 123 136 148  59  72 172 207 207 206 204
 193 195 197 199 201  94  61  50  24 126 107  51 207 207 206 204
 193 195 197 199 201  50 158 175  50 208 201  41 207 207 207 204
 193 195 197 199 201 114  44 202 208 191  50  86 207 100  54  56
 193 195 197 198 201 202 152 202 209 197 151 207 208  74  22  22
 193 196 141  87  69 107 195 207 209 209 210 209 208  90  21  22
 191 131  22  20  19  21  50 197 208 210 210 210 209  84  21  22
 191  48  22 102 129  45  21 138 209 209 209 210 208  76  22  22
 181  16  62 197 201 161  20  95 208 209 210 209 209  74  22  22
 173  16  80 198 199 177  16  84 207 209 209 209 208  79  24  30
 170  17  82 197 199 174  18  88 206 207 207 208 207 204 202 197
 166  17  71 170 158 137  19  73 161 164 162 172 206 205 204 203
 163  17  20  21  21  22  21  22  21  22  22  65 205 205 203 203
 166  50  47  49  54  55  55  55  57  56  63  97 204 204 202 201
 187 188 189 193 195 198 200 199 201 204 202 203 202 203 201 199
 186 192 194 196 200 201 202 205 206 204 204 206 208 208 207 205
 189 194 196 199 201 192 127 143 158  72  82 173 209 209 207 206
 190 193 197 198 201 104  70  57  26 132 106  65 204 210 208 206
 191 195 197 199 201  63 163 170  97 201 196  59 201 203 197 199
 192 195 196 200 202 115  57 193 207 192  71 103 206 120  75  73
 192 195 195 197 199 200 152 201 211 200 151 205 212  88  22  21
 192 190 145  94  75 118 197 208 212 214 214 214 213 106  21  22
 192 133  27  23  25  21  63 202 212 214 215 214 213 102  22  22
 190  52  27 114 125  56  23 151 211 212 214 214 213 103  20  22
 178  29  71 192 202 150  25 105 210 212 213 214 211 104  20  22
 168  31  96 197 204 170  30  97 208 209 214 213 211 103  27  35
 164  29  93 196 201 165  32  98 204 210 212 212 212 207 203 199
 160  26  77 174 165 138  25  79 168 173 174 185 208 211 209 207
 157  24  22  19  21  20  22  20  21  22  22  74 203 209 208 206
 164  60  54  38  50  51  56  60  66  64  57 105 204 208 208 206
 191 192 193 194 192 197 197 201 204 201 203 202 206 203 204 203

 202 203 204 204  57  22  22  22  22  22  34 200 205 205 202 198
 204 204 205 206  55  22  21  20  20  21  27 201 205 205 204 201
 205 206 207 205  99  73  90  84  82  81  87 205 207 206 205 203
 205 206 204 202 206 209 210 208 209 208 209 208 208 206 206 202
 206 177  56  43  89 207 210 212 210 210 211 209 175  75 110 203
 207  77 103 200  54 152 211 211 210 210 211 207 161  22  70 202
 204  63 125 207 193 198 211 209 209 210 207 209 162  22  67 200
 205 153  26  55 209 209 210 208 209 209 206 204 158  20  68 202
 202 141  53 173 192 197 207 196 141  89  79  82  70  21  63 199
 201 128  61 157  45 152 196  51  22  20  21  23  20  22  61 197
 200 197  98  53 114 202 110  22  49 163 179 175 135  21  59 196
 198 199 200 200 201 201  72  20 129 202 200 199 154  21  59 194
 195 198 198 200 200 199  91  22 104 197 198 195 167  21  52 192
 194 197 197 197 198 198 146  23  22  60  77  77  69  22  54 191
 193 193 195 196 196 196 197 135  54  23  25  26  24  23  63 189
 188 190 191 192 192 194 194 193 192 182 175 172 167 165 169 189
 204 204 204 204  56  22  22  22  22  22  30 197 203 203 201 199
 206 206 206 207  54  22  21  21  22  22  24 202 204 203 202 201
 206 207 207 207 100  74  90  84  76  74  79 204 205 205 204 203
 207 207 207 207 207 208 208 209 208 209 208 207 206 205 204 202
 207 172  51  41  86 207 209 210 210 209 209 208 172  65  97 203
 207  72 107 201  50 151 210 210 209 210 209 207 162  22  63 202
 204  59 126 208 191 197 209 210 209 209 209 207 164  22  56 204
 205 148  24  50 208 209 209 208 209 208 207 206 161  21  57 201
 205 136  50 175 202 202 207 197 138  95  84  88  73  22  55 199
 203 123  61 158  44 152 195  50  21  20  16  18  19  21  55 200
 201 195  94  50 114 202 107  21  45 161 177 174 137  22  55 198
 199 200 201 201 201 201  69  19 129 201 199 199 158  21  54 195
 198 197 199 199 199 198  87  20 102 197 198 197 170  21  49 193
 196 197 197 197 197 197 141  22  22  62  80  82  71  20  47 189
 193 194 195 195 195 195 196 131  48  16  16  17  17  17  50 188
 189 191 193 193 193 193 193 191 191 181 173 170 166 163 166 187
 205 206 206 199  73  21  22  22  22  22  35 199 207 206 206 203
 207 207 208 197  75  22  21  22  20  20  27 203 209 208 208 204
 208 209 210 203 120  88 106 102 103 104 103 207 211 209 208 203
 208 209 204 201 206 212 213 213 213 211 211 212 208 203 204 206
 206 173  65  59 103 205 214 214 214 214 213 212 185  74 105 202
 204  82 106 196  71 151 214 215 214 213 214 212 174  22  57 203
 204  72 132 201 192 200 214 214 212 212 209 210 173  22  64 201
 206 158  26  97 207 211 212 212 211 210 208 204 168  21  66 204
 205 143  57 170 193 201 208 202 151 105  97  98  79  20  60 201
 202 127  70 163  57 152 197  63  23  25  30  32  25  22  56 197
 201 192 104  63 115 200 118  21  56 150 170 165 138  20  51 197
 200 201 201 201 202 199  75  25 125 202 204 201 165  21  50 192
 196 199 198 199 200 197  94  23 114 192 197 196 174  19  38 194
 194 196 197 197 196 195 145  27  27  71  96  93  77  22  54 193
 192 194 193 195 195 195 190 133  52  29  31  29  26  24  60 192
 186 189 190 191 192 192 192 192 190 178 168 164 160 157 164 191

 198 201 203 202 203 202 200 202 199 197 196 194 192 191 189 189
 202 204 205 206 110  70  67  68  63  61  59  59  52  54  63 169
 205 205 206 206  75  22  22  20  21  22  21  21  21  22  23 165
 205 205 207 208 175 161 162 158  70  20 135 154 167  69  24 167
 200 201 205 208 209 207 209 204  82  23 175 199 195  77  26 172
  34  27  87 209 211 211 207 206  79  21 179 200 198  77  25 175
  22  21  81 208 210 210 210 209  89  20 163 202 197  60  23 182
  22  20  82 209 210 210 209 209 141  22  49 129 104  22  54 192
  22  20  84 208 212 211 209 208 196  51  22  20  22  23 135 193
  22  21  90 210 210 211 211 210 207 196 110  72  91 146 197 194
  22  22  73 209 207 152 198 209 197 152 202 201 199 198 196 194
  57  55  99 206  89  54 193 209 192  45 114 201 200 198 196 192
 204 206 205 202  43 200 207  55 173 157  53 200 200 197 196 192
 204 205 207 204  56 103 125  26  53  61  98 200 198 197 195 191
 203 204 206 206 177  77  63 153 141 128 197 199 198 197 193 190
 202 204 205 205 206 207 204 205 202 201 200 198 195 194 193 188
 199 201 203 202 203 202 204 201 199 200 198 195 193 189 188 187
 201 202 204 204  97  63  56  57  55  55  55  54  49  47  50 166
 203 203 205 205  65  22  22  21  22  21  22  21  21  20  17 163
 203 204 205 206 172 162 164 161  73  19 137 158 170  71  17 166
 197 202 204 207 208 207 207 206  88  18 174 199 197  82  17 170
  30  24  79 208 209 209 209 207  84  16 177 199 198  80  16 173
  22  22  74 209 209 210 209 208  95  20 161 201 197  62  16 181
  22  22  76 208 210 209 209 209 138  21  45 129 102  22  48 191
  22  21  84 209 210 210 210 208 197  50  21  19  20  22 131 191
  22  21  90 208 209 210 209 209 207 195 107  69  87 141 196 193
  22  22  74 208 207 151 197 209 202 152 202 201 198 197 195 193
  56  54 100 207  86  50 191 208 202  44 114 201 199 197 195 193
 204 207 207 207  41 201 208  50 175 158  50 201 199 197 195 193
 204 206 207 207  51 107 126  24  50  61  94 201 199 197 195 193
 204 206 207 207 172  72  59 148 136 123 195 200 197 197 194 191
 204 206 206 207 207 207 204 205 205 203 201 199 198 196 193 189
 203 204 203 206 202 203 201 204 201 197 197 192 194 193 192 191
 206 208 208 204 105  57  64  66  60  56  51  50  38  54  60 164
 206 208 209 203  74  22  22  21  20  22  20  21  19  22  24 157
 207 209 211 208 185 174 173 168  79  25 138 165 174  77  26 160
 199 203 207 212 212 212 210 204  98  32 165 201 196  93  29 164
  35  27 103 211 213 214 209 208  97  30 170 204 197  96  31 168
  22  20 104 211 214 213 212 210 105  25 150 202 192  71  29 178
  22  20 103 213 214 214 212 211 151  23  56 125 114  27  52 190
  22  22 102 213 214 215 214 212 202  63  21  25  23  27 133 192
  22  21 106 213 214 214 214 212 208 197 118  75  94 145 190 192
  21  22  88 212 205 151 200 211 201 152 200 199 197 195 195 192
  73  75 120 206 103  71 192 207 193  57 115 202 200 196 195 192
 199 197 203 201  59 196 201  97 170 163  63 201 199 197 195 191
 206 208 210 204  65 106 132  26  57  70 104 201 198 197 193 190
 206 207 209 209 173  82  72 158 143 127 192 201 199 196 194 189
 205 207 208 208 206 204 204 206 205 202 201 200 196 194 192 186

