 188 168 165 168 170 176 183 191 195 193 194 194 192 192 192 189
 189  60  22  24  26  25  23  53 136 196 197 197 197 196 194 193
 190  53  21  67  79  77  59  21  23 144 199 198 198 197 196 195
 193  51  21 166 200 198 197 102  20  91 200 200 200 199 198 197
 194  57  20 154 199 201 200 130  20  71 200 201 201 200 198 198
 196  60  22 134 176 179 161  49  21 112 139  71  62  66  97 199
 197  63  22  20  23  21  21  21  52 195 180 149 144  69 108 203
 199  64  22  70  84  81  89 141 196 208 209 207 201  32 168 204
 201  69  22 159 204 206 209 210 210 209 210 208 147  56 209 204
 200  68  22 163 209 209 211 211 210 210 210 209  63 134 207 205
 201  70  22 162 207 210 211 211 212 211 211 184  29 191 208 206
 201 108  74 175 209 209 210 212 212 211 208 133 101 208 208 207
 203 205 206 207 208 208 209 209 209 208 208 207 207 207 207 205
 202 205 207 208 206  84  79  81  89  92  74 100 206 207 206 205
 202 204 206 206 203  26  21  20  21  22  22  57 208 206 207 205
 198 202 205 205 200  33  22  22  22  22  22  57 204 204 205 202
 186 166 162 165 170 173 181 189 192 193 193 193 193 193 191 190
 188  50  17  17  17  16  16  48 131 195 196 195 194 195 194 192
 190  47  21  72  83  80  64  22  22 140 197 197 197 197 195 196
 194  48  21 171 196 197 197 104  20  86 198 199 199 199 199 196
 196  53  21 157 198 201 200 130  19  69 201 201 201 201 200 199
 198  55  22 139 172 176 161  46  21 107 136  72  59  62  91 199
 200  56  22  19  18  17  19  21  49 194 181 152 149  74 103 202
 198  54  21  72  88  85  94 140 195 208 208 207 201  32 163 204
 201  57  21 160 205 207 208 209 209 209 209 208 149  45 206 206
 203  57  22 164 206 208 209 210 210 210 209 209  64 126 208 207
 203  62  22 163 208 209 210 210 211 209 210 186  25 188 208 208
 204  97  64 173 208 209 210 209 210 210 210 130  94 210 208 207
 202 204 205 206 208 208 208 208 208 209 209 208 208 207 207 207
 202 204 205 206 204  80  75  75  85  91  75 100 207 207 207 207
 201 202 204 205 202  24  22  22  22  22  21  53 208 206 207 205
 198 201 203 203 197  30  22  22  22  22  21  54 206 204 204 203
 190 163 156 159 161 167 175 191 191 194 193 192 191 191 188 187
 193  59  24  25  29  31  31  52 132 189 194 195 195 194 194 194
 193  54  20  79  94  96  71  26  27 143 198 198 197 197 196 195
 192  38  21 177 197 198 193 112  23  95 199 201 199 199 198 198
 194  50  22 168 202 203 204 124  26  76 200 201 202 201 201 200
 196  53  20 136 168 172 151  59  22 118 141  82  72  76 104 199
 198  58  22  27  32  31  27  20  67 197 184 165 161  84 107 202
 203  60  21  84 101  99 107 148 204 209 210 209 200  40 167 204
 202  66  22 171 207 208 210 212 213 212 211 211 144  70 204 206
 200  64  22 174 211 210 214 214 213 213 213 211  72 131 207 207
 203  56  22 176 211 213 214 214 214 215 214 185  46 188 210 209
 202 104  74 185 212 213 213 214 215 215 213 146 112 206 210 209
 206 204 203 208 211 211 211 213 212 213 212 207 206 209 210 209
 204 208 209 211 208 102 103 102 105 107  88 121 204 209 209 208
 204 208 208 209 203  26  20  20  21  21  22  75 199 209 208 207
 203 206 206 207 201  33  22  22  22  22  21  76 196 206 206 205

 189 193 195 197 198 199 203 204 204 205 206 207 205 205 205 202
 192 194 196 198 198  97 108 168 209 207 208 208 207 206 207 205
 192 196 197 199 200  66  69  32  56 134 191 208 207 207 206 204
 192 197 198 200 201  62 144 201 147  63  29 101 207 206 208 204
 194 197 198 200 201  71 149 207 208 209 184 133 207 100  57  57
 194 197 199 200 200 139 180 209 210 210 211 208 208  74  22  22
 193 196 144  91  71 112 195 208 209 210 211 211 208  92  22  22
 195 136  23  20  20  21  52 196 210 210 212 212 209  89  21  22
 191  53  21 102 130  49  21 141 210 211 211 212 209  81  20  22
 183  23  59 197 200 161  21  89 209 211 211 210 209  79  21  22
 176  25  77 198 201 179  21  81 206 209 210 209 208  84  26  33
 170  26  79 200 199 176  23  84 204 209 207 209 208 206 203 200
 168  24  67 166 154 134  20  70 159 163 162 175 207 208 206 205
 165  22  21  21  20  22  22  22  22  22  22  74 206 207 206 205
 168  60  53  51  57  60  63  64  69  68  70 108 205 205 204 202
 188 189 190 193 194 196 197 199 201 200 201 201 203 202 202 198
 190 192 196 196 199 199 202 204 206 207 208 207 207 207 205 203
 191 194 195 199 200  91 103 163 206 208 208 208 207 207 207 204
 193 195 197 199 201  62  74  32  45 126 188 210 207 207 206 204
 193 194 197 199 201  59 149 201 149  64  25  94 208 207 208 206
 193 195 197 199 201  72 152 207 208 209 186 130 208 100  53  54
 193 196 197 198 201 136 181 208 209 209 210 210 209  75  21  21
 193 195 140  86  69 107 194 208 209 210 209 210 209  91  22  22
 192 131  22  20  19  21  49 195 209 210 211 210 208  85  22  22
 189  48  22 104 130  46  21 140 209 210 210 209 208  75  22  22
 181  16  64 197 200 161  19  94 208 209 210 210 208  75  22  22
 173  16  80 197 201 176  17  85 207 208 209 209 208  80  24  30
 170  17  83 196 198 172  18  88 205 206 208 208 208 204 202 197
 165  17  72 171 157 139  19  72 160 164 163 173 206 206 205 203
 162  17  21  21  21  22  22  21  21  22  22  64 205 205 204 203
 166  50  47  48  53  55  56  54  57  57  62  97 204 204 202 201
 186 188 190 194 196 198 200 198 201 203 203 204 202 202 201 198
 187 194 195 198 200 199 202 204 206 207 209 209 209 208 207 205
 188 194 196 198 201 104 107 167 204 207 210 210 210 209 208 206
 191 194 197 199 201  76  84  40  70 131 188 206 209 209 209 206
 191 195 197 199 202  72 161 200 144  72  46 112 206 204 199 196
 192 195 198 201 201  82 165 209 211 211 185 146 207 121  75  76
 193 194 198 199 200 141 184 210 211 213 214 213 212  88  22  21
 194 189 143  95  76 118 197 209 212 213 215 215 213 107  21  22
 191 132  27  23  26  22  67 204 213 213 214 215 212 105  21  22
 191  52  26 112 124  59  20 148 212 214 214 214 213 102  20  22
 175  31  71 193 204 151  27 107 210 214 214 213 211 103  20  22
 167  31  96 198 203 172  31  99 208 210 213 213 211 102  26  33
 161  29  94 197 202 168  32 101 207 211 211 212 211 208 203 201
 159  25  79 177 168 136  27  84 171 174 176 185 208 211 209 207
 156  24  20  21  22  20  22  21  22  22  22  74 203 209 208 206
 163  59  54  38  50  53  58  60  66  64  56 104 204 208 208 206
 190 193 193 192 194 196 198 203 202 200 203 202 206 204 204 203

 202 205 204 204  57  22  22  22  22  22  33 200 205 205 202 198
 205 207 206 208  57  22  22  21  20  21  26 203 206 206 204 202
 205 206 207 206 100  74  92  89  81  79  84 206 208 207 205 202
 205 207 207 207 207 208 208 209 209 209 208 208 207 206 205 203
 207 208 208 101 133 208 211 212 212 210 209 209 175  74 108 201
 206 208 191  29 184 211 211 212 211 211 210 207 162  22  70 201
 205 207 134  63 209 210 210 210 211 211 209 209 163  22  68 200
 204 209  56 147 208 210 209 210 210 209 206 204 159  22  69 201
 204 168  32 201 207 209 208 196 141  89  81  84  70  22  64 199
 203 108  69 144 149 180 195  52  21  21  21  23  20  22  63 197
 199  97  66  62  71 139 112  21  49 161 179 176 134  22  60 196
 198 198 200 201 201 200  71  20 130 200 201 199 154  20  57 194
 197 198 199 200 200 200  91  20 102 197 198 200 166  21  51 193
 195 196 197 198 198 199 144  23  21  59  77  79  67  21  53 190
 193 194 196 197 197 197 196 136  53  23  25  26  24  22  60 189
 189 192 192 192 194 194 193 195 191 183 176 170 168 165 168 188
 203 204 204 206  54  21  22  22  22  22  30 197 203 203 201 198
 205 207 206 208  53  21  22  22  22  22  24 202 205 204 202 201
 207 207 207 207 100  75  91  85  75  75  80 204 206 205 204 202
 207 207 207 208 208 209 209 208 208 208 208 208 206 205 204 202
 207 208 210  94 130 210 210 210 209 210 209 208 173  64  97 204
 208 208 188  25 186 210 209 211 210 210 209 208 163  22  62 203
 207 208 126  64 209 209 210 210 210 209 208 206 164  22  57 203
 206 206  45 149 208 209 209 209 209 208 207 205 160  21  57 201
 204 163  32 201 207 208 208 195 140  94  85  88  72  21  54 198
 202 103  74 149 152 181 194  49  21  19  17  18  19  22  56 200
 199  91  62  59  72 136 107  21  46 161 176 172 139  22  55 198
 199 200 201 201 201 201  69  19 130 200 201 198 157  21  53 196
 196 199 199 199 199 198  86  20 104 197 197 196 171  21  48 194
 196 195 197 197 197 197 140  22  22  64  80  83  72  21  47 190
 192 194 195 194 195 196 195 131  48  16  16  17  17  17  50 188
 190 191 193 193 193 193 193 192 189 181 173 170 165 162 166 186
 205 206 206 196  76  21  22  22  22  22  33 201 207 206 206 203
 207 208 209 199  75  22  21  21  20  20  26 203 209 208 208 204
 208 209 209 204 121  88 107 105 102 103 102 208 211 209 208 204
 209 210 209 206 207 212 213 212 213 211 211 211 208 203 204 206
 209 210 206 112 146 213 215 215 214 213 213 212 185  74 104 202
 209 210 188  46 185 214 215 214 214 214 213 211 176  22  56 203
 207 207 131  72 211 213 213 213 214 214 210 211 174  22  64 200
 206 204  70 144 211 211 212 213 212 210 208 207 171  22  66 202
 204 167  40 200 209 210 209 204 148 107  99 101  84  21  60 203
 202 107  84 161 165 184 197  67  20  27  31  32  27  22  58 198
 199 104  76  72  82 141 118  22  59 151 172 168 136  20  53 196
 200 201 201 202 201 200  76  26 124 204 203 202 168  22  50 194
 198 198 199 199 201 199  95  23 112 193 198 197 177  21  38 192
 195 196 197 197 198 198 143  27  26  71  96  94  79  20  54 193
 194 194 194 195 195 194 189 132  52  31  31  29  25  24  59 193
 187 188 191 191 192 193 194 191 191 175 167 161 159 156 163 190

 198 202 202 203 201 201 200 201 199 197 196 194 193 190 189 188
 202 204 205 205 108  70  68  69  64  63  60  57  51  53  60 168
 205 206 207 206  74  22  22  22  22  22  22  20  21  21  22 165
 205 206 208 207 175 162 163 159  70  20 134 154 166  67  24 168
 200 203 206 208 209 207 209 204  84  23 176 199 200  79  26 170
  33  26  84 208 209 210 209 206  81  21 179 201 198  77  25 176
  22  21  79 209 210 211 211 209  89  21 161 200 197  59  23 183
  22  20  81 209 212 211 211 210 141  21  49 130 102  21  53 191
  22  21  89 209 212 212 210 210 196  52  21  20  20  23 136 195
  22  22  92 208 211 211 210 209 208 195 112  71  91 144 196 193
  22  22  74 208 208 211 210 210 209 180 139 200 200 199 197 194
  57  57 100 207 133 184 209 208 207 149  71 201 200 198 197 194
 204 208 206 207 101  29  63 147 201 144  62 201 200 198 197 192
 204 206 207 207 208 191 134  56  32  69  66 200 199 197 196 192
 205 207 206 207 208 208 207 209 168 108  97 198 198 196 194 192
 202 205 205 205 207 206 205 204 204 203 199 198 197 195 193 189
 198 201 202 202 204 203 203 201 198 200 198 196 194 190 188 186
 201 202 204 204  97  62  57  57  54  56  55  53  48  47  50 166
 203 204 205 205  64  22  22  21  21  22  22  21  21  21  17 162
 203 205 206 206 173 163 164 160  72  19 139 157 171  72  17 165
 197 202 204 208 208 208 206 205  88  18 172 198 196  83  17 170
  30  24  80 208 209 209 208 207  85  17 176 201 197  80  16 173
  22  22  75 208 210 210 209 208  94  19 161 200 197  64  16 181
  22  22  75 208 209 210 210 209 140  21  46 130 104  22  48 189
  22  22  85 208 210 211 210 209 195  49  21  19  20  22 131 192
  22  22  91 209 210 209 210 209 208 194 107  69  86 140 195 193
  21  21  75 209 210 210 209 209 208 181 136 201 198 197 196 193
  54  53 100 208 130 186 209 208 207 152  72 201 199 197 195 193
 206 208 207 208  94  25  64 149 201 149  59 201 199 197 194 193
 204 206 207 207 210 188 126  45  32  74  62 201 199 197 195 193
 204 207 207 207 208 208 208 206 163 103  91 200 199 195 194 191
 203 205 207 207 207 208 207 206 204 202 199 199 196 196 192 190
 203 204 204 206 202 203 200 202 203 198 196 194 192 193 193 190
 206 208 208 204 104  56  64  66  60  58  53  50  38  54  59 163
 206 208 209 203  74  22  22  22  21  22  20  22  21  20  24 156
 207 209 211 208 185 176 174 171  84  27 136 168 177  79  25 159
 201 203 208 211 212 211 211 207 101  32 168 202 197  94  29 161
  33  26 102 211 213 213 210 208  99  31 172 203 198  96  31 167
  22  20 103 211 213 214 214 210 107  27 151 204 193  71  31 175
  22  20 102 213 214 214 214 212 148  20  59 124 112  26  52 191
  22  21 105 212 215 214 213 213 204  67  22  26  23  27 132 191
  22  21 107 213 215 215 213 212 209 197 118  76  95 143 189 194
  21  22  88 212 213 214 213 211 210 184 141 200 199 198 194 193
  76  75 121 207 146 185 211 211 209 165  82 201 201 198 195 192
 196 199 204 206 112  46  72 144 200 161  72 202 199 197 195 191
 206 209 209 209 206 188 131  70  40  84  76 201 199 197 194 191
 206 208 209 210 210 210 207 204 167 107 104 201 198 196 194 188
 205 207 208 209 209 209 207 206 204 202 199 200 198 195 194 187

