 196 199 202 203 203 203 203 204 204 203 202 203 202 201 201 198
 200 203 205 205 205 206 207 206 206 205 207 206 206 203 202 202
 202 205 207 207 206 161  86  52  58 109 176 206 207 206 205 204
 205 208 207 208 125  23  22  40  35  22  30 155 210 208 207 206
 206 210 210 208  36  22 155 204 197 126  21  44 208 210 210 208
 209 212 211 198  22  32 206 213 212 212 113  91 205 212 211 210
 210 212 213 211  51  21  47 118 170 207 214 216 215 214 213 211
 211 214 215 216 184  59  22  21  21  28  84 189 216 216 216 214
 211 215 216 217 217 215 179 130  73  28  21  42 194 217 215 213
 213 215 219 202 170 188 219 219 220 203  70  21 137 218 217 215
 216 218 218 168  21  52 207 219 220 219 125  19 130 218 216 215
 214 215 217 211  64  20  74 158 170 131  29  23 180 217 217 214
 212 215 216 218 190  61  21  21  20  22  33 141 217 217 216 214
 210 214 216 217 217 208 160 119 114 147 196 215 216 216 215 214
 210 213 214 214 106  91  88  90  95 101 107  81 159 214 214 212
 209 212 212 212  51  22  22  22  22  22  22  22 138 213 213 213
 193 194 193 195 195 196 196 197 197 197 197 198 197 197 196 195
 196 196 197 197 198 198 199 198 200 199 200 199 199 198 199 197
 194 197 199 199 200 153  75  36  43  98 170 202 201 202 201 200
 197 200 201 201 112  16  23  39  35  21  28 146 202 204 203 202
 200 203 203 200  25  24 154 203 193 126  20  39 202 205 204 204
 202 204 205 192  13  33 199 207 207 207 110  89 194 207 207 206
 205 206 207 207  42  22  45 112 164 201 210 210 209 209 209 207
 207 207 209 210 175  55  20  22  23  22  73 184 211 211 211 210
 207 209 210 211 211 210 172 126  65  30  22  37 186 212 212 211
 208 210 211 193 162 183 213 213 214 199  67  21 130 213 212 211
 209 210 211 163  17  51 204 214 214 214 120  21 123 214 213 212
 208 209 211 206  52  21  74 153 169 124  25  23 172 212 213 213
 207 209 210 211 182  51  22  22  19  22  27 131 213 212 212 211
 207 209 210 210 209 200 152 107 104 134 187 213 212 212 212 211
 206 207 208 209 100  82  85  88  93  96 101  73 151 210 211 210
 204 205 206 208  43  22  22  22  22  22  21  21 126 208 209 207
 194 198 199 200 199 199 198 199 199 200 200 198 199 198 198 194
 198 201 202 201 202 201 202 201 203 203 203 202 202 201 200 199
 204 202 204 204 202 150  80  56  60 100 166 201 204 203 203 202
 207 206 206 206 113  23  21  44  38  22  32 151 207 205 205 204
 209 208 208 198  38  24 163 198 191 131  27  44 199 208 208 206
 210 209 210 189  36  41 203 211 211 208 121 104 204 210 209 208
 208 211 212 205  58  20  57 120 170 197 210 213 213 213 212 211
 209 212 214 214 180  65  25  20  19  48  96 183 214 214 214 213
 211 214 215 216 218 208 184 131  86  33  20  49 192 217 215 213
 214 216 219 201 176 191 218 218 216 199  77  21 140 216 216 216
 214 218 218 162  29  68 207 218 219 217 125  21 131 216 217 216
 214 216 218 208  59  23  87 164 166 136  35  23 177 217 217 215
 214 216 217 219 181  58  21  19  22  21  32 137 214 216 216 215
 212 213 216 218 217 202 152 117 110 140 191 212 216 216 215 214
 210 212 213 209 104  88  96 102 106 113 120 106 170 215 215 213
 208 210 211 207  44  22  22  22  22  21  21  23 147 214 213 211

 198 202 204 206 208 210 211 214 213 215 215 214 214 214 212 213
 201 202 205 207 210 211 213 216 215 217 216 217 216 215 214 213
 201 203 206 208 210 212 214 216 217 218 218 217 217 216 214 213
 202 206 207 210 208 205 215 216 194 137 130 180 217 216 159 138
 203 206 206 155  44  91 216 189  42  21  19  23 141 215  81  22
 202 207 176  30  21 113 214  84  21  70 125  29  33 196 107  22
 203 205 109  22 126 212 207  28  28 203 219 131  22 147 101  22
 204 206  58  35 197 212 170  21  73 220 220 170  20 114  95  22
 204 206  52  40 204 213 118  21 130 219 219 158  21 119  90  22
 203 207  86  22 155 206  47  22 179 219 207  74  21 160  88  22
 203 206 161  23  22  32  21  59 215 188  52  20  61 208  91  22
 203 205 206 125  36  22  51 184 217 170  21  64 190 217 106  51
 203 205 207 208 208 198 211 216 217 202 168 211 218 217 214 212
 202 205 207 207 210 211 213 215 216 219 218 217 216 216 214 212
 199 203 205 208 210 212 212 214 215 215 218 215 215 214 213 212
 196 200 202 205 206 209 210 211 211 213 216 214 212 210 210 209
 195 197 200 202 204 206 207 210 211 211 212 213 211 211 210 207
 196 199 201 203 204 207 209 211 212 212 213 213 212 212 211 209
 197 198 202 204 205 207 209 211 212 213 214 212 212 212 210 208
 197 199 201 202 202 194 209 211 186 130 123 172 213 212 151 126
 198 199 202 146  39  89 210 184  37  21  21  23 131 213  73  21
 197 200 170  28  20 110 210  73  22  67 120  25  27 187 101  21
 197 199  98  21 126 207 201  22  30 199 214 124  22 134  96  22
 197 200  43  35 193 207 164  23  65 214 214 169  19 104  93  22
 197 198  36  39 203 207 112  22 126 213 214 153  22 107  88  22
 196 199  75  23 154 199  45  20 172 213 204  74  22 152  85  22
 196 198 153  16  24  33  22  55 210 183  51  21  51 200  82  22
 195 198 200 112  25  13  42 175 211 162  17  52 182 209 100  43
 195 197 199 201 200 192 207 210 211 193 163 206 211 210 209 208
 193 197 199 201 203 205 207 209 210 211 211 211 210 210 208 206
 194 196 197 200 203 204 206 207 209 210 210 209 209 209 207 205
 193 196 194 197 200 202 205 207 207 208 209 208 207 207 206 204
 194 199 202 204 206 208 211 213 213 216 216 215 215 214 213 211
 198 200 203 205 208 209 212 214 215 216 217 217 216 215 215 213
 198 201 203 205 208 210 213 214 217 216 216 217 216 216 215 214
 199 202 204 207 199 204 213 214 192 140 131 177 214 216 170 147
 198 202 201 151  44 104 213 183  49  21  21  23 137 212 106  23
 200 203 166  32  27 121 210  96  20  77 125  35  32 191 120  21
 200 203 100  22 131 208 197  48  33 199 217 136  21 140 113  21
 199 203  60  38 191 211 170  19  86 216 219 166  22 110 106  22
 199 201  56  44 198 211 120  20 131 218 218 164  19 117 102  22
 198 202  80  21 163 203  57  25 184 218 207  87  21 152  96  22
 199 201 150  23  24  41  20  65 208 191  68  23  58 202  88  22
 199 202 202 113  38  36  58 180 218 176  29  59 181 217 104  44
 200 201 204 206 198 189 205 214 216 201 162 208 219 218 209 207
 199 202 204 206 208 210 212 214 215 219 218 218 217 216 213 211
 198 201 202 206 208 209 211 212 214 216 218 216 216 213 212 210
 194 198 204 207 209 210 208 209 211 214 214 214 214 212 210 208

 213 213 213 138  22  22  22  22  22  22  22  51 212 212 212 209
 212 214 214 159  81 107 101  95  90  88  91 106 214 214 213 210
 214 215 216 216 215 196 147 114 119 160 208 217 217 216 214 210
 214 216 217 217 141  33  22  20  21  21  61 190 218 216 215 212
 214 217 217 180  23  29 131 170 158  74  20  64 211 217 215 214
 215 216 218 130  19 125 219 220 219 207  52  21 168 218 218 216
 215 217 218 137  21  70 203 220 219 219 188 170 202 219 215 213
 213 215 217 194  42  21  28  73 130 179 215 217 217 216 215 211
 214 216 216 216 189  84  28  21  21  22  59 184 216 215 214 211
 211 213 214 215 216 214 207 170 118  47  21  51 211 213 212 210
 210 211 212 205  91 113 212 212 213 206  32  22 198 211 212 209
 208 210 210 208  44  21 126 197 204 155  22  36 208 210 210 206
 206 207 208 210 155  30  22  35  40  22  23 125 208 207 208 205
 204 205 206 207 206 176 109  58  52  86 161 206 207 207 205 202
 202 202 203 206 206 207 205 206 206 207 206 205 205 205 203 200
 198 201 201 202 203 202 203 204 204 203 203 203 203 202 199 196
 207 209 208 126  21  21  22  22  22  22  22  43 208 206 205 204
 210 211 210 151  73 101  96  93  88  85  82 100 209 208 207 206
 211 212 212 212 213 187 134 104 107 152 200 209 210 210 209 207
 211 212 212 213 131  27  22  19  22  22  51 182 211 210 209 207
 213 213 212 172  23  25 124 169 153  74  21  52 206 211 209 208
 212 213 214 123  21 120 214 214 214 204  51  17 163 211 210 209
 211 212 213 130  21  67 199 214 213 213 183 162 193 211 210 208
 211 212 212 186  37  22  30  65 126 172 210 211 211 210 209 207
 210 211 211 211 184  73  22  23  22  20  55 175 210 209 207 207
 207 209 209 209 210 210 201 164 112  45  22  42 207 207 206 205
 206 207 207 194  89 110 207 207 207 199  33  13 192 205 204 202
 204 204 205 202  39  20 126 193 203 154  24  25 200 203 203 200
 202 203 204 202 146  28  21  35  39  23  16 112 201 201 200 197
 200 201 202 201 202 170  98  43  36  75 153 200 199 199 197 194
 197 199 198 199 199 200 199 200 198 199 198 198 197 197 196 196
 195 196 197 197 198 197 197 197 197 196 196 195 195 193 194 193
 211 213 214 147  23  21  21  22  22  22  22  44 207 211 210 208
 213 215 215 170 106 120 113 106 102  96  88 104 209 213 212 210
 214 215 216 216 212 191 140 110 117 152 202 217 218 216 213 212
 215 216 216 214 137  32  21  22  19  21  58 181 219 217 216 214
 215 217 217 177  23  35 136 166 164  87  23  59 208 218 216 214
 216 217 216 131  21 125 217 219 218 207  68  29 162 218 218 214
 216 216 216 140  21  77 199 216 218 218 191 176 201 219 216 214
 213 215 217 192  49  20  33  86 131 184 208 218 216 215 214 211
 213 214 214 214 183  96  48  19  20  25  65 180 214 214 212 209
 211 212 213 213 213 210 197 170 120  57  20  58 205 212 211 208
 208 209 210 204 104 121 208 211 211 203  41  36 189 210 209 210
 206 208 208 199  44  27 131 191 198 163  24  38 198 208 208 209
 204 205 205 207 151  32  22  38  44  21  23 113 206 206 206 207
 202 203 203 204 201 166 100  60  56  80 150 202 204 204 202 204
 199 200 201 202 202 203 203 203 201 202 201 202 201 202 201 198
 194 198 198 199 198 200 200 199 199 198 199 199 200 199 198 194

 209 210 210 212 214 216 213 211 211 210 209 206 205 202 200 196
 212 213 214 215 215 218 215 215 214 212 212 210 208 205 203 199
 212 214 216 216 217 218 219 216 215 213 211 210 207 207 205 202
 212 214 217 218 211 168 202 217 216 211 198 208 208 207 205 203
  51 106 217 190  64  21 170 217 184  51  22  36 125 206 205 203
  22  91 208  61  20  52 188 215  59  21  32  22  23 161 206 203
  22  88 160  21  74 207 219 179  22  47 206 155  22  86 207 203
  22  90 119  21 158 219 219 130  21 118 213 204  40  52 206 204
  22  95 114  20 170 220 220  73  21 170 212 197  35  58 206 204
  22 101 147  22 131 219 203  28  28 207 212 126  22 109 205 203
  22 107 196  33  29 125  70  21  84 214 113  21  30 176 207 202
  22  81 215 141  23  19  21  42 189 216  91  44 155 206 206 203
 138 159 216 217 180 130 137 194 216 215 205 208 210 207 206 202
 213 214 216 217 217 218 218 217 216 214 212 210 208 206 203 201
 213 214 215 216 217 216 217 215 216 213 211 210 207 205 202 201
 213 212 214 214 214 215 215 213 214 211 210 208 206 204 202 198
 204 206 207 207 208 209 208 207 207 205 202 200 197 194 196 193
 205 207 209 209 209 210 210 209 207 206 204 203 200 197 196 194
 206 208 210 210 211 211 211 210 209 207 205 203 201 199 197 193
 208 209 210 211 206 163 193 211 210 207 192 200 201 199 197 195
  43 100 209 182  52  17 162 211 175  42  13  25 112 200 198 195
  22  82 200  51  21  51 183 210  55  22  33  24  16 153 198 196
  22  85 152  22  74 204 213 172  20  45 199 154  23  75 199 196
  22  88 107  22 153 214 213 126  22 112 207 203  39  36 198 197
  22  93 104  19 169 214 214  65  23 164 207 193  35  43 200 197
  22  96 134  22 124 214 199  30  22 201 207 126  21  98 199 197
  21 101 187  27  25 120  67  22  73 210 110  20  28 170 200 197
  21  73 213 131  23  21  21  37 184 210  89  39 146 202 199 198
 126 151 212 213 172 123 130 186 211 209 194 202 202 201 199 197
 208 210 212 212 212 214 213 212 211 209 207 205 204 202 198 197
 209 211 212 212 213 213 212 212 211 209 207 204 203 201 199 196
 207 210 211 211 213 212 211 211 210 207 206 204 202 200 197 195
 208 210 212 214 214 214 214 211 209 208 210 209 207 204 198 194
 210 212 213 216 216 218 216 214 212 211 209 208 206 202 201 198
 211 213 216 217 218 218 219 215 214 212 210 208 206 204 202 199
 207 209 218 219 208 162 201 216 214 205 189 198 206 204 201 200
  44 104 217 181  59  29 176 218 180  58  36  38 113 202 202 199
  22  88 202  58  23  68 191 208  65  20  41  24  23 150 201 199
  22  96 152  21  87 207 218 184  25  57 203 163  21  80 202 198
  22 102 117  19 164 218 218 131  20 120 211 198  44  56 201 199
  22 106 110  22 166 219 216  86  19 170 211 191  38  60 203 199
  21 113 140  21 136 217 199  33  48 197 208 131  22 100 203 200
  21 120 191  32  35 125  77  20  96 210 121  27  32 166 203 200
  23 106 212 137  23  21  21  49 183 213 104  44 151 201 202 198
 147 170 216 214 177 131 140 192 214 213 204 199 207 204 202 199
 214 215 216 216 217 216 216 217 214 213 210 208 205 203 201 198
 213 215 215 216 217 217 216 215 214 212 209 208 205 203 200 198
 211 213 214 215 215 216 216 213 213 211 208 206 204 202 199 194

