 187 191 190 191 192 193 193 190 192 192 193 192 192 192 191 188
 191 193 194 194 183 102  41  25  32  89 157 195 194 194 194 193
 193 195 197 175  42  22  32  54  40  21  30 131 196 196 196 194
 195 197 194  70  21  72 178 195 188 132  25  26 167 198 197 196
 196 199 164  20  39 186 202 202 202 201 106  20  89 200 200 199
 199 200 124  20  87 203 205 204 204 203 167  21  49 202 201 200
 200 202 105  21 114 204 206 205 206 205 194  28  31 199 203 201
 201 203 121  20  97 206 208 207 207 206 198  23  22 206 205 204
 202 204 156  21  51 202 208 207 182 155 154  19  56 208 204 204
 203 205 198  49  23 123 207 205  50  24  40  20 133 206 205 204
 202 206 207 155  29  25  84 128  68  22  22  24 191 207 206 203
 203 207 206 208 153  50  21  20  21  21  33  21  54 188 206 205
 203 205 205 208 207 197 173 132 140 189 193  86  80 202 205 203
 201 204 206 206 196  85  82  80  86  85  91 117 201 206 205 203
 202 203 206 206 201  27  21  21  20  20  20  73 206 205 205 203
 199 202 204 204 198  23  22  22  22  22  22  74 204 205 204 202
 188 190 191 192 192 193 192 190 191 195 194 193 194 194 192 191
 191 193 194 193 184  94  36  21  30  86 153 196 196 195 195 194
 192 195 196 172  32  22  31  60  45  20  26 125 197 198 198 197
 196 196 195  64  21  76 177 200 192 137  24  26 162 200 199 198
 198 199 163  16  39 187 202 203 203 203 107  22  83 201 201 200
 200 201 118  21  90 204 205 205 206 205 171  19  43 196 203 202
 201 202 103  21 113 206 207 207 207 207 196  26  28 193 206 204
 202 204 119  22  98 207 209 208 208 208 201  21  25 199 206 205
 204 206 153  19  55 203 209 210 184 156 154  20  50 207 208 207
 204 206 197  45  23 125 209 207  47  25  40  21 122 209 209 207
 207 206 207 152  25  25  88 133  71  22  22  23 189 209 209 209
 206 206 208 208 150  45  21  21  21  22  30  21  53 189 209 208
 204 207 207 207 208 197 166 123 132 184 196  86  73 203 208 208
 204 206 206 208 196  80  75  76  78  87  94 120 198 208 208 208
 202 205 206 206 203  25  21  22  22  22  22  72 208 207 208 207
 202 203 204 205 197  21  22  22  22  22  21  73 206 205 205 205
 189 188 187 188 188 188 185 183 185 187 187 188 186 185 183 184
 189 190 189 191 172  98  37  26  35  80 147 187 188 189 189 188
 191 192 190 167  36  20  41  58  49  26  32 122 188 192 191 190
 191 194 192  64  22  85 185 191 189 140  32  29 158 191 194 192
 193 196 151  25  47 192 198 199 198 196 111  20  87 190 195 195
 196 197 120  21  95 195 202 201 200 200 161  31  54 196 198 198
 198 200  97  21 119 200 203 204 202 203 186  36  36 195 201 200
 198 200 115  21 112 201 204 205 204 204 192  30  24 204 202 201
 202 203 151  26  67 197 205 206 175 160 151  24  64 202 202 202
 200 204 191  47  22 134 205 200  64  29  46  22 132 201 204 203
 199 206 207 149  32  29 105 134  67  22  22  25 183 204 205 203
 200 205 206 204 145  50  21  21  22  22  37  21  68 183 205 203
 204 204 205 207 205 191 170 132 139 177 186  88  80 196 205 204
 200 204 205 206 190  98 102 102 111 102 104 124 199 204 204 204
 202 204 204 205 196  26  22  21  20  21  21  75 196 205 203 203
 195 202 202 203 196  23  22  22  22  22  22  80 197 202 203 201

 188 193 194 196 199 200 201 204 204 204 203 205 203 203 203 202
 191 194 196 197 200 201 203 205 204 205 206 206 205 205 205 204
 192 194 196 198 200 202 199 206 208 206 207 188 202 206 205 205
 192 194 196 167  89  49  31  22  56 133 191  54  80 201 206 204
 192 195 131  26  20  21  28  23  19  20  24  21  86 117  73  74
 193 157  30  25 106 167 194 198 154  40  22  33 193  91  20  22
 192  89  21 132 201 203 205 206 155  24  22  21 189  85  20  22
 192  32  40 188 202 204 206 207 182  50  68  21 140  86  20  22
 190  25  54 195 202 204 205 207 207 205 128  20 132  80  21  22
 193  41  32 178 202 205 206 208 208 207  84  21 173  82  21  22
 193 102  22  72 186 203 204 206 202 123  25  50 197  85  27  23
 192 183  42  21  39  87 114  97  51  23  29 153 207 196 201 198
 191 194 175  70  20  20  21  20  21  49 155 208 208 206 206 204
 190 194 197 194 164 124 105 121 156 198 207 206 205 206 206 204
 191 193 195 197 199 200 202 203 204 205 206 207 205 204 203 202
 187 191 193 195 196 199 200 201 202 203 202 203 203 201 202 199
 191 194 197 198 200 202 204 205 207 207 209 208 208 208 207 205
 192 195 198 199 201 203 206 206 208 209 209 209 208 208 208 205
 194 195 198 200 201 196 193 199 207 209 209 189 203 208 207 205
 194 196 197 162  83  43  28  25  50 122 189  53  73 198 208 206
 193 196 125  26  22  19  26  21  20  21  23  21  86 120  72  73
 194 153  26  24 107 171 196 201 154  40  22  30 196  94  22  21
 195  86  20 137 203 205 207 208 156  25  22  22 184  87  22  22
 191  30  45 192 203 206 207 208 184  47  71  21 132  78  22  22
 190  21  60 200 203 205 207 208 210 207 133  21 123  76  22  22
 192  36  31 177 202 205 207 209 209 209  88  21 166  75  21  22
 193  94  22  76 187 204 206 207 203 125  25  45 197  80  25  21
 192 184  32  21  39  90 113  98  55  23  25 150 208 196 203 197
 192 193 172  64  16  21  21  22  19  45 152 208 207 208 206 205
 191 194 196 195 163 118 103 119 153 197 207 208 207 206 206 204
 190 193 195 196 199 201 202 204 206 206 206 206 207 206 205 203
 188 191 192 196 198 200 201 202 204 204 207 206 204 204 202 202
 184 188 190 192 195 198 200 201 202 203 203 203 204 204 203 201
 183 189 191 194 195 198 201 202 202 204 205 205 205 204 203 203
 185 189 192 191 190 196 195 204 202 201 204 183 196 204 205 202
 186 188 188 158  87  54  36  24  64 132 183  68  80 199 196 197
 188 187 122  29  20  31  36  30  24  22  25  21  88 124  75  80
 187 147  32  32 111 161 186 192 151  46  22  37 186 104  21  22
 187  80  26 140 196 200 203 204 160  29  22  22 177 102  21  22
 185  35  49 189 198 200 202 204 175  64  67  22 139 111  20  22
 183  26  58 191 199 201 204 205 206 200 134  21 132 102  21  22
 185  37  41 185 198 202 203 204 205 205 105  21 170 102  22  22
 188  98  20  85 192 195 200 201 197 134  29  50 191  98  26  23
 188 172  36  22  47  95 119 112  67  22  32 145 205 190 196 196
 188 191 167  64  25  21  21  21  26  47 149 204 207 206 205 203
 187 189 190 192 151 120  97 115 151 191 207 206 205 205 204 202
 188 190 192 194 196 197 200 200 203 204 206 205 204 204 204 202
 189 189 191 191 193 196 198 198 202 200 199 200 204 200 202 195

 202 204 205 204  74  22  22  22  22  22  23 198 204 204 202 199
 203 205 205 206  73  20  20  20  21  21  27 201 206 206 203 202
 203 205 206 201 117  91  85  86  80  82  85 196 206 206 204 201
 203 205 202  80  86 193 189 140 132 173 197 207 208 205 205 203
 205 206 188  54  21  33  21  21  20  21  50 153 208 206 207 203
 203 206 207 191  24  22  22  68 128  84  25  29 155 207 206 202
 204 205 206 133  20  40  24  50 205 207 123  23  49 198 205 203
 204 204 208  56  19 154 155 182 207 208 202  51  21 156 204 202
 204 205 206  22  23 198 206 207 207 208 206  97  20 121 203 201
 201 203 199  31  28 194 205 206 205 206 204 114  21 105 202 200
 200 201 202  49  21 167 203 204 204 205 203  87  20 124 200 199
 199 200 200  89  20 106 201 202 202 202 186  39  20 164 199 196
 196 197 198 167  26  25 132 188 195 178  72  21  70 194 197 195
 194 196 196 196 131  30  21  40  54  32  22  42 175 197 195 193
 193 194 194 194 195 157  89  32  25  41 102 183 194 194 193 191
 188 191 192 192 192 193 192 192 190 193 193 192 191 190 191 187
 205 205 205 206  73  21  22  22  22  22  21 197 205 204 203 202
 207 208 207 208  72  22  22  22  22  21  25 203 206 206 205 202
 208 208 208 198 120  94  87  78  76  75  80 196 208 206 206 204
 208 208 203  73  86 196 184 132 123 166 197 208 207 207 207 204
 208 209 189  53  21  30  22  21  21  21  45 150 208 208 206 206
 209 209 209 189  23  22  22  71 133  88  25  25 152 207 206 207
 207 209 209 122  21  40  25  47 207 209 125  23  45 197 206 204
 207 208 207  50  20 154 156 184 210 209 203  55  19 153 206 204
 205 206 199  25  21 201 208 208 208 209 207  98  22 119 204 202
 204 206 193  28  26 196 207 207 207 207 206 113  21 103 202 201
 202 203 196  43  19 171 205 206 205 205 204  90  21 118 201 200
 200 201 201  83  22 107 203 203 203 202 187  39  16 163 199 198
 198 199 200 162  26  24 137 192 200 177  76  21  64 195 196 196
 197 198 198 197 125  26  20  45  60  31  22  32 172 196 195 192
 194 195 195 196 196 153  86  30  21  36  94 184 193 194 193 191
 191 192 194 194 193 194 195 191 190 192 193 192 192 191 190 188
 201 203 202 197  80  22  22  22  22  22  23 196 203 202 202 195
 203 203 205 196  75  21  21  20  21  22  26 196 205 204 204 202
 204 204 204 199 124 104 102 111 102 102  98 190 206 205 204 200
 204 205 196  80  88 186 177 139 132 170 191 205 207 205 204 204
 203 205 183  68  21  37  22  22  21  21  50 145 204 206 205 200
 203 205 204 183  25  22  22  67 134 105  29  32 149 207 206 199
 203 204 201 132  22  46  29  64 200 205 134  22  47 191 204 200
 202 202 202  64  24 151 160 175 206 205 197  67  26 151 203 202
 201 202 204  24  30 192 204 204 205 204 201 112  21 115 200 198
 200 201 195  36  36 186 203 202 204 203 200 119  21  97 200 198
 198 198 196  54  31 161 200 200 201 202 195  95  21 120 197 196
 195 195 190  87  20 111 196 198 199 198 192  47  25 151 196 193
 192 194 191 158  29  32 140 189 191 185  85  22  64 192 194 191
 190 191 192 188 122  32  26  49  58  41  20  36 167 190 192 191
 188 189 189 188 187 147  80  35  26  37  98 172 191 189 190 189
 184 183 185 186 188 187 187 185 183 185 188 188 188 187 188 189

 199 202 201 203 203 202 203 202 201 200 199 196 195 193 191 187
 202 203 204 205 207 206 205 204 203 202 200 199 197 195 193 191
 204 206 206 205 206 207 198 156 121 105 124 164 194 197 194 190
 204 206 206 208 208 155  49  21  20  21  20  20  70 175 194 191
 198 201 196 207 153  29  23  51  97 114  87  39  21  42 183 192
  23  27  85 197  50  25 123 202 206 204 203 186  72  22 102 193
  22  21  82 173  21  84 207 208 208 206 205 202 178  32  41 193
  22  21  80 132  20 128 205 207 207 205 204 202 195  54  25 190
  22  20  86 140  21  68  50 182 207 206 204 202 188  40  32 192
  22  20  85 189  21  22  24 155 206 205 203 201 132  21  89 192
  22  20  91 193  33  22  40 154 198 194 167 106  25  30 157 193
  74  73 117  86  21  24  20  19  23  28  21  20  26 131 195 192
 204 206 201  80  54 191 133  56  22  31  49  89 167 196 194 192
 205 205 206 202 188 207 206 208 206 199 202 200 198 196 194 192
 204 205 205 205 206 206 205 204 205 203 201 200 197 196 194 191
 202 203 203 203 205 203 204 204 204 201 200 199 196 194 193 188
 202 202 204 204 206 207 204 204 202 201 200 198 196 192 191 188
 203 205 206 207 206 206 206 206 204 202 201 199 196 195 193 190
 204 206 206 207 208 207 197 153 119 103 118 163 195 196 194 191
 205 206 208 207 208 152  45  19  22  21  21  16  64 172 193 192
 197 203 196 208 150  25  23  55  98 113  90  39  21  32 184 192
  21  25  80 197  45  25 125 203 207 206 204 187  76  22  94 193
  22  21  75 166  21  88 209 209 209 207 205 202 177  31  36 192
  22  22  76 123  21 133 207 210 208 207 205 203 200  60  21 190
  22  22  78 132  21  71  47 184 208 207 206 203 192  45  30 191
  22  22  87 184  22  22  25 156 208 207 205 203 137  20  86 195
  21  22  94 196  30  22  40 154 201 196 171 107  24  26 153 194
  73  72 120  86  21  23  21  20  21  26  19  22  26 125 196 193
 206 208 198  73  53 189 122  50  25  28  43  83 162 197 196 194
 205 207 208 203 189 209 209 207 199 193 196 201 200 198 195 194
 205 208 208 208 209 209 209 208 206 206 203 201 199 198 195 192
 205 207 208 208 208 209 207 207 205 204 202 200 198 197 194 191
 195 202 200 204 200 199 200 202 198 198 196 193 191 191 189 189
 202 204 204 204 205 206 204 203 200 200 197 196 194 192 190 188
 202 204 205 205 206 207 191 151 115  97 120 151 192 190 189 187
 203 205 206 207 204 149  47  26  21  21  21  25  64 167 191 188
 196 196 190 205 145  32  22  67 112 119  95  47  22  36 172 188
  23  26  98 191  50  29 134 197 201 200 195 192  85  20  98 188
  22  22 102 170  21 105 205 205 204 203 202 198 185  41  37 185
  22  21 102 132  21 134 200 206 205 204 201 199 191  58  26 183
  22  20 111 139  22  67  64 175 204 202 200 198 189  49  35 185
  22  21 102 177  22  22  29 160 204 203 200 196 140  26  80 187
  22  21 104 186  37  22  46 151 192 186 161 111  32  32 147 187
  80  75 124  88  21  25  22  24  30  36  31  20  29 122 187 188
 197 196 199  80  68 183 132  64  24  36  54  87 158 188 188 186
 202 205 204 196 183 204 201 202 204 195 196 190 191 192 189 185
 203 203 204 205 205 205 204 202 202 201 198 195 194 191 189 183
 201 203 204 204 203 203 203 202 201 200 198 195 192 190 188 184

