 190 191 192 192 193 193 193 190 195 195 194 194 193 192 191 189
 192 194 195 195 185 100  39  27  35  72 155 196 195 195 194 193
 194 196 197 171  46  21  29  54  39  20  21 124 197 197 196 195
 194 197 197  65  21  74 179 199 198 138  29  20 157 198 198 197
 197 199 164  24  37 185 202 203 203 201 117  20  82 200 200 198
 200 201 122  22  88 203 204 204 205 205 190  22  23 201 201 200
 200 203 109  21 106 205 206 207 206 206 203  26  19 200 204 202
 202 204 126  20  85 207 208 208 208 207 197  19  21 204 204 203
 203 205 156  21  51 200 209 209 179 142 159  17  52 207 204 204
 203 206 205  60  20 110 208 206  58  20  38  21 118 207 206 204
 203 207 207 168  30  22  77 127  66  22  22  23 184 207 206 205
 203 207 208 207 167  54  21  19  20  27  50  21  39 186 207 205
 201 206 206 208 207 206 174 158 159 185 196  95  78 205 206 205
 204 205 205 207 208 207 166  77  81  90 203 205 201 207 205 204
 201 205 205 206 207 206 138  20  22  24 202 206 207 205 205 203
 198 203 204 205 205 205 149  20  22  26 195 205 205 204 205 202
 188 190 192 192 193 193 193 190 193 194 194 194 194 194 193 191
 191 193 193 195 185  90  32  21  30  70 150 196 196 196 196 195
 194 194 194 168  40  21  28  60  46  20  23 116 199 198 198 197
 198 196 196  58  20  75 179 200 200 142  31  23 150 200 199 199
 198 199 161  20  38 187 203 203 203 201 120  21  76 203 202 201
 200 201 118  21  87 205 205 205 206 205 194  22  24 198 203 203
 201 202 108  21 109 206 207 206 207 208 205  23  23 194 205 205
 202 203 124  20  87 207 209 209 209 209 201  14  24 201 206 206
 202 206 154  19  52 202 209 211 180 144 160  16  47 209 207 208
 204 206 205  55  24 117 209 206  54  20  36  22 108 209 208 208
 205 207 207 164  28  23  78 132  67  22  22  23 182 210 210 209
 206 207 208 209 164  50  21  21  20  27  45  22  39 185 209 209
 205 207 208 208 208 207 167 154 153 182 201  93  70 205 208 208
 204 207 206 207 208 209 164  76  81  88 205 207 200 209 208 207
 201 204 206 206 207 207 136  21  21  22 207 208 208 208 207 206
 199 203 204 205 205 208 147  20  22  24 202 206 206 206 206 205
 189 189 189 188 189 189 186 180 185 187 188 188 187 185 184 183
 189 191 192 191 176  96  35  28  36  65 150 188 189 189 189 188
 190 194 195 166  43  21  39  61  48  24  22 116 189 191 191 190
 189 195 193  61  22  84 185 191 188 143  38  23 149 192 195 192
 196 197 154  26  48 192 199 199 199 198 117  23  79 192 196 197
 200 200 118  23 106 198 202 202 203 201 183  29  26 194 199 198
 199 201  99  21 119 202 203 204 204 204 196  35  18 196 201 200
 202 204 119  23 108 204 204 206 205 205 190  39  23 199 202 202
 206 203 152  28  65 196 206 206 175 149 153  29  54 198 203 203
 203 205 199  55  18 130 204 200  69  26  43  20 126 200 204 203
 200 207 207 159  35  24  87 127  71  22  22  25 183 203 204 205
 200 206 206 206 161  55  22  21  21  27  55  20  49 182 205 204
 199 204 205 206 206 199 169 151 156 180 189  97  84 199 205 204
 198 204 206 205 206 208 170  96  95 109 198 199 199 204 204 204
 202 205 203 205 206 205 142  23  22  37 188 205 205 205 204 203
 201 201 202 204 203 200 152  23  22  38 186 204 204 203 203 202

 189 193 195 197 198 200 202 203 204 204 205 205 205 204 203 202
 191 194 196 198 200 201 204 204 204 206 206 207 206 205 205 205
 192 195 197 198 200 201 200 204 207 207 207 186 205 207 205 204
 193 195 197 157  82  23  19  21  52 118 184  39  78 201 207 205
 194 196 124  20  20  22  26  19  17  21  23  21  95 205 206 205
 194 155  21  29 117 190 203 197 159  38  22  50 196 203 202 195
 195  72  20 138 201 205 206 207 142  20  22  27 185  90  24  26
 195  35  39 198 203 205 206 208 179  58  66  20 159  81  22  22
 190  27  54 199 203 204 207 208 209 206 127  19 158  77  20  20
 193  39  29 179 202 204 206 208 209 208  77  21 174 166 138 149
 193 100  21  74 185 203 205 207 200 110  22  54 206 207 206 205
 193 185  46  21  37  88 106  85  51  20  30 167 207 208 207 205
 192 195 171  65  24  22  21  20  21  60 168 207 208 207 206 205
 192 195 197 197 164 122 109 126 156 205 207 208 206 205 205 204
 191 194 196 197 199 201 203 204 205 206 207 207 206 205 205 203
 190 192 194 194 197 200 200 202 203 203 203 203 201 204 201 198
 191 195 197 199 201 203 205 206 208 208 209 209 208 207 206 205
 193 196 198 199 202 203 205 206 207 208 210 209 208 208 207 206
 194 196 198 200 203 198 194 201 209 209 210 185 205 209 208 206
 194 196 199 150  76  24  23  24  47 108 182  39  70 200 208 206
 194 196 116  23  21  22  23  14  16  22  23  22  93 207 208 206
 194 150  23  31 120 194 205 201 160  36  22  45 201 205 207 202
 194  70  20 142 201 205 208 209 144  20  22  27 182  88  22  24
 193  30  46 200 203 206 207 209 180  54  67  20 153  81  21  22
 190  21  60 200 203 205 206 209 211 206 132  21 154  76  21  20
 193  32  28 179 203 205 207 209 209 209  78  21 167 164 136 147
 193  90  21  75 187 205 206 207 202 117  23  50 207 209 207 208
 193 185  40  20  38  87 109  87  52  24  28 164 208 208 207 205
 192 195 168  58  20  21  21  20  19  55 164 209 208 207 206 205
 192 193 194 196 161 118 108 124 154 205 207 208 208 206 206 204
 190 193 194 196 199 201 202 203 206 206 207 207 207 207 204 203
 188 191 194 198 198 200 201 202 202 204 205 206 205 204 201 199
 183 188 190 192 197 198 200 202 203 203 205 204 204 204 203 202
 184 189 191 195 196 199 201 202 203 204 204 205 205 204 204 203
 185 189 191 192 192 194 196 199 198 200 203 182 199 204 205 203
 187 189 189 149  79  26  18  23  54 126 183  49  84 199 205 204
 188 188 116  23  23  29  35  39  29  20  25  20  97 199 205 204
 188 150  22  38 117 183 196 190 153  43  22  55 189 198 188 186
 187  65  24 143 198 201 204 205 149  26  22  27 180 109  37  38
 185  36  48 188 199 203 204 205 175  69  71  21 156  95  22  22
 180  28  61 191 199 202 204 206 206 200 127  21 151  96  23  23
 186  35  39 185 199 202 203 204 206 204  87  22 169 170 142 152
 189  96  21  84 192 198 202 204 196 130  24  55 199 208 205 200
 189 176  43  22  48 106 119 108  65  18  35 161 206 206 206 203
 188 191 166  61  26  23  21  23  28  55 159 206 206 205 205 204
 189 192 195 193 154 118  99 119 152 199 207 206 205 206 203 202
 189 191 194 195 197 200 201 204 203 205 207 206 204 204 205 201
 189 189 190 189 196 200 199 202 206 203 200 200 199 198 202 201

 202 205 204 205 205 195  26  22  20 149 205 205 205 204 203 198
 203 205 205 207 206 202  24  22  20 138 206 207 206 205 205 201
 204 205 207 201 205 203  90  81  77 166 207 208 207 205 205 204
 205 206 205  78  95 196 185 159 158 174 206 207 208 206 206 201
 205 207 186  39  21  50  27  20  19  21  54 167 207 208 207 203
 205 206 207 184  23  22  22  66 127  77  22  30 168 207 207 203
 204 206 207 118  21  38  20  58 206 208 110  20  60 205 206 203
 204 204 207  52  17 159 142 179 209 209 200  51  21 156 205 203
 203 204 204  21  19 197 207 208 208 208 207  85  20 126 204 202
 202 204 200  19  26 203 206 206 207 206 205 106  21 109 203 200
 200 201 201  23  22 190 205 205 204 204 203  88  22 122 201 200
 198 200 200  82  20 117 201 203 203 202 185  37  24 164 199 197
 197 198 198 157  20  29 138 198 199 179  74  21  65 197 197 194
 195 196 197 197 124  21  20  39  54  29  21  46 171 197 196 194
 193 194 195 195 196 155  72  35  27  39 100 185 195 195 194 192
 189 191 192 193 194 194 195 195 190 193 193 193 192 192 191 190
 205 206 206 206 206 202  24  22  20 147 208 205 205 204 203 199
 206 207 208 208 208 207  22  21  21 136 207 207 206 206 204 201
 207 208 209 200 207 205  88  81  76 164 209 208 207 206 207 204
 208 208 205  70  93 201 182 153 154 167 207 208 208 208 207 205
 209 209 185  39  22  45  27  20  21  21  50 164 209 208 207 206
 209 210 210 182  23  22  22  67 132  78  23  28 164 207 207 205
 208 208 209 108  22  36  20  54 206 209 117  24  55 205 206 204
 208 207 209  47  16 160 144 180 211 209 202  52  19 154 206 202
 206 206 201  24  14 201 209 209 209 209 207  87  20 124 203 202
 205 205 194  23  23 205 208 207 206 207 206 109  21 108 202 201
 203 203 198  24  22 194 205 206 205 205 205  87  21 118 201 200
 201 202 203  76  21 120 201 203 203 203 187  38  20 161 199 198
 199 199 200 150  23  31 142 200 200 179  75  20  58 196 196 198
 197 198 198 199 116  23  20  46  60  28  21  40 168 194 194 194
 195 196 196 196 196 150  70  30  21  32  90 185 195 193 193 191
 191 193 194 194 194 194 194 193 190 193 193 193 192 192 190 188
 202 203 203 204 204 186  38  22  23 152 200 203 204 202 201 201
 203 204 205 205 205 188  37  22  23 142 205 206 205 203 205 202
 204 204 204 199 199 198 109  95  96 170 208 206 205 206 204 198
 204 205 199  84  97 189 180 156 151 169 199 206 206 205 204 199
 204 205 182  49  20  55  27  21  21  22  55 161 206 206 206 200
 205 204 203 183  25  22  22  71 127  87  24  35 159 207 207 200
 203 204 200 126  20  43  26  69 200 204 130  18  55 199 205 203
 203 203 198  54  29 153 149 175 206 206 196  65  28 152 203 206
 202 202 199  23  39 190 205 205 206 204 204 108  23 119 204 202
 200 201 196  18  35 196 204 204 204 203 202 119  21  99 201 199
 198 199 194  26  29 183 201 203 202 202 198 106  23 118 200 200
 197 196 192  79  23 117 198 199 199 199 192  48  26 154 197 196
 192 195 192 149  23  38 143 188 191 185  84  22  61 193 195 189
 190 191 191 189 116  22  24  48  61  39  21  43 166 195 194 190
 188 189 189 189 188 150  65  36  28  35  96 176 191 192 191 189
 183 184 185 187 188 188 187 185 180 186 189 189 188 189 189 189

 198 201 204 201 203 203 203 203 202 200 200 197 194 194 192 190
 203 205 205 206 207 207 206 205 204 203 201 199 197 196 194 191
 204 205 205 206 208 207 205 156 126 109 122 164 197 197 195 192
 205 206 207 208 207 168  60  21  20  21  22  24  65 171 195 192
 205 207 208 207 167  30  20  51  85 106  88  37  21  46 185 193
 205 206 207 206  54  22 110 200 207 205 203 185  74  21 100 193
 149 138 166 174  21  77 208 209 208 206 204 202 179  29  39 193
  20  20  77 158  19 127 206 209 208 207 204 203 199  54  27 190
  22  22  81 159  20  66  58 179 208 206 205 203 198  39  35 195
  26  24  90 185  27  22  20 142 207 206 205 201 138  20  72 195
 195 202 203 196  50  22  38 159 197 203 190 117  29  21 155 194
 205 206 205  95  21  23  21  17  19  26  22  20  20 124 196 194
 205 207 201  78  39 184 118  52  21  19  23  82 157 197 195 193
 204 205 207 205 186 207 207 207 204 200 201 200 198 197 195 192
 205 205 205 206 207 206 206 204 204 204 201 200 198 196 194 191
 202 203 204 205 205 205 204 204 203 202 200 198 197 195 193 189
 199 201 204 205 206 205 204 202 202 201 200 198 198 194 191 188
 203 204 207 207 207 207 206 206 203 202 201 199 196 194 193 190
 204 206 206 208 208 207 205 154 124 108 118 161 196 194 193 192
 205 206 207 208 209 164  55  19  20  21  21  20  58 168 195 192
 205 207 208 208 164  28  24  52  87 109  87  38  20  40 185 193
 208 207 209 207  50  23 117 202 207 206 205 187  75  21  90 193
 147 136 164 167  21  78 209 209 209 207 205 203 179  28  32 193
  20  21  76 154  21 132 206 211 209 206 205 203 200  60  21 190
  22  21  81 153  20  67  54 180 209 207 206 203 200  46  30 193
  24  22  88 182  27  22  20 144 209 208 205 201 142  20  70 194
 202 207 205 201  45  22  36 160 201 205 194 120  31  23 150 194
 206 208 207  93  22  23  22  16  14  23  22  21  23 116 196 194
 206 208 200  70  39 182 108  47  24  23  24  76 150 199 196 194
 206 208 209 205 185 210 209 209 201 194 198 203 200 198 196 194
 206 207 208 208 209 210 208 207 206 205 203 202 199 198 196 193
 205 206 207 208 209 209 208 208 206 205 203 201 199 197 195 191
 201 202 198 199 200 200 203 206 202 199 200 196 189 190 189 189
 201 205 204 204 206 207 205 203 204 201 200 197 195 194 191 189
 202 203 206 205 206 207 199 152 119  99 118 154 193 195 192 189
 204 205 205 206 206 159  55  28  23  21  23  26  61 166 191 188
 203 206 206 206 161  35  18  65 108 119 106  48  22  43 176 189
 200 205 208 199  55  24 130 196 204 202 198 192  84  21  96 189
 152 142 170 169  22  87 204 206 204 203 202 199 185  39  35 186
  23  23  96 151  21 127 200 206 206 204 202 199 191  61  28 180
  22  22  95 156  21  71  69 175 205 204 203 199 188  48  36 185
  38  37 109 180  27  22  26 149 205 204 201 198 143  24  65 187
 186 188 198 189  55  22  43 153 190 196 183 117  38  22 150 188
 204 205 199  97  20  25  20  29  39  35  29  23  23 116 188 188
 204 205 199  84  49 183 126  54  23  18  26  79 149 189 189 187
 203 205 204 199 182 203 200 198 199 196 194 192 192 191 189 185
 203 204 204 205 205 204 204 203 202 201 199 196 195 191 189 184
 202 203 204 204 204 205 203 203 202 200 198 197 192 190 188 183

