 189 192 193 193 192 194 195 194 194 193 193 194 192 192 190 188
 189 193 194 189  95 100  83  80  85  90  93  97 127 194 194 193
 192 196 195 185  19  19  19  21  21  21  23  22  74 197 197 195
 195 197 199 198 161 178 173  58  20 126 164 162 173 198 198 197
 196 200 200 201 202 203 202  75  22 145 201 201 202 201 200 198
 198 202 202 204 204 205 205  83  22 135 204 204 203 203 202 201
 200 202 204 203 206 206 207  82  22 143 206 207 206 205 204 201
 202 205 206 207 207 207 207  83  22 147 207 209 208 207 205 203
 201 205 206 208 208 208 210  80  22 146 210 209 209 207 206 205
 200 205 208 208 209 209 209  86  22 149 211 209 211 208 207 206
 202 207 209 209 210 211 210  95  22 128 210 210 209 208 208 206
 202 207 208 209 210 210 210  89  22 135 210 211 210 209 207 205
 202 206 207 207 209 209 210 175 158 188 208 210 209 207 205 205
 203 206 205 208 208 209 210 209 209 209 210 209 208 144  63  63
 201 204 205 206 207 208 209 209 209 208 209 207 207 114  22  22
 196 202 204 205 206 207 207 206 205 206 206 205 203 106  22  22
 188 190 191 192 192 193 192 193 194 194 194 194 194 194 193 191
 192 193 194 188  89  95  79  75  79  82  84  88 119 195 195 194
 194 195 196 184  15  20  20  21  21  21  23  23  70 199 197 197
 196 197 198 196 162 184 180  61  21 124 171 169 175 199 200 199
 198 200 200 201 202 203 203  70  22 142 203 203 204 203 202 202
 199 201 203 204 204 204 204  85  22 132 205 206 205 205 205 202
 203 204 205 206 206 207 206  82  22 139 208 208 208 206 206 205
 202 205 207 207 207 209 208  83  22 142 209 209 209 208 208 207
 205 206 207 209 208 210 210  82  22 142 210 210 210 210 209 208
 205 207 208 209 209 211 211  88  22 148 210 211 211 210 209 208
 206 208 209 210 210 212 211  91  22 131 210 212 212 211 210 210
 205 207 209 210 211 211 210  88  22 135 211 212 211 210 210 209
 204 207 208 209 210 211 211 171 152 186 211 211 210 209 209 207
 204 206 207 208 208 211 210 210 210 210 211 210 210 150  80  78
 201 204 206 208 208 208 210 210 209 209 210 209 209 117  22  22
 199 204 204 205 206 207 208 208 208 208 208 207 206 109  22  22
 187 189 188 188 189 189 190 189 188 188 188 188 186 186 184 185
 187 191 192 178  86  85  72  70  78  85  90  93 117 187 189 188
 188 193 193 173  34  27  26  23  22  22  23  23  69 183 189 190
 192 195 195 191 176 190 191  79  21 135 172 170 178 195 195 192
 193 198 198 199 199 200 199  78  22 149 198 199 198 197 197 195
 196 200 201 201 202 203 202  78  22 140 201 200 201 200 198 198
 195 201 203 204 204 203 204  79  22 144 203 203 201 203 201 199
 200 203 204 205 205 205 206  85  22 143 205 205 203 203 202 201
 198 205 205 206 207 206 205  84  22 154 206 207 207 205 204 203
 199 205 207 206 207 207 207  89  22 155 208 207 207 205 204 204
 199 205 207 209 208 209 210  98  22 140 210 209 208 206 205 205
 200 205 207 209 208 209 209 102  21 146 210 208 208 207 206 205
 200 205 207 206 207 208 207 175 152 189 209 207 206 204 204 205
 199 204 205 208 209 208 209 207 208 206 208 206 205 145  82  81
 200 203 205 205 205 207 207 206 206 206 207 205 204 117  22  22
 197 202 202 204 204 204 204 204 204 204 204 204 203 115  22  22

 188 193 195 197 198 201 201 203 205 206 206 205 205  63  22  22
 190 194 197 198 200 202 204 205 206 207 208 207 205  63  22  22
 192 194 197 198 201 203 205 207 207 208 208 209 207 144 114 106
 192 127  74 173 202 203 206 208 209 211 209 210 209 208 207 203
 194  97  22 162 201 204 207 209 209 209 210 211 210 209 207 205
 193  93  23 164 201 204 206 207 210 211 210 210 208 210 209 206
 193  90  21 126 145 135 143 147 146 149 128 135 188 209 208 206
 194  85  21  20  22  22  22  22  22  22  22  22 158 209 209 205
 194  80  21  58  75  83  82  83  80  86  95  89 175 209 209 206
 195  83  19 173 202 205 207 207 210 209 210 210 210 210 209 207
 194 100  19 178 203 205 206 207 208 209 211 210 209 209 208 207
 192  95  19 161 202 204 206 207 208 209 210 210 209 208 207 206
 193 189 185 198 201 204 203 207 208 208 209 209 207 208 206 205
 193 194 195 199 200 202 204 206 206 208 209 208 207 205 205 204
 192 193 196 197 200 202 202 205 205 205 207 207 206 206 204 202
 189 189 192 195 196 198 200 202 201 200 202 202 202 203 201 196
 191 194 197 199 202 202 205 207 208 208 210 209 207  78  22  22
 193 195 197 200 202 205 206 208 209 209 210 210 209  80  22  22
 194 195 199 199 203 205 206 208 210 210 211 210 209 150 117 109
 194 119  70 175 204 205 208 209 210 211 212 211 210 210 209 206
 194  88  23 169 203 206 208 209 210 211 212 212 211 210 209 207
 194  84  23 171 203 205 208 209 210 210 210 211 211 211 210 208
 194  82  21 124 142 132 139 142 142 148 131 135 186 210 209 208
 194  79  21  21  22  22  22  22  22  22  22  22 152 210 209 208
 193  75  21  61  70  85  82  83  82  88  91  88 171 210 210 208
 192  79  20 180 203 204 206 208 210 211 211 210 211 210 210 208
 193  95  20 184 203 204 207 209 210 211 212 211 211 211 208 207
 192  89  15 162 202 204 206 207 208 209 210 211 210 208 208 206
 192 188 184 196 201 204 206 207 209 209 210 210 209 208 208 205
 191 194 196 198 200 203 205 207 207 208 209 209 208 207 206 204
 190 193 195 197 200 201 204 205 206 207 208 207 207 206 204 204
 188 192 194 196 198 199 203 202 205 205 206 205 204 204 201 199
 185 188 190 192 195 198 199 201 203 204 205 205 205  81  22  22
 184 189 189 195 197 198 201 202 204 204 205 206 204  82  22  22
 186 187 183 195 197 200 203 203 205 205 206 207 204 145 117 115
 186 117  69 178 198 201 201 203 207 207 208 208 206 205 204 203
 188  93  23 170 199 200 203 205 207 207 209 208 207 206 205 204
 188  90  23 172 198 201 203 205 206 208 210 210 209 208 207 204
 188  85  22 135 149 140 144 143 154 155 140 146 189 206 206 204
 188  78  22  21  22  22  22  22  22  22  22  21 152 208 206 204
 189  70  23  79  78  78  79  85  84  89  98 102 175 207 206 204
 190  72  26 191 199 202 204 206 205 207 210 209 207 209 207 204
 189  85  27 190 200 203 203 205 206 207 209 209 208 208 207 204
 189  86  34 176 199 202 204 205 207 207 208 208 207 209 205 204
 188 178 173 191 199 201 204 205 206 206 209 209 206 208 205 204
 188 192 193 195 198 201 203 204 205 207 207 207 207 205 205 202
 189 191 193 195 198 200 201 203 205 205 205 205 205 204 203 202
 187 187 188 192 193 196 195 200 198 199 199 200 200 199 200 197

  22  22 106 203 205 206 206 205 206 207 207 206 205 204 202 196
  22  22 114 207 207 209 208 209 209 209 208 207 206 205 204 201
  63  63 144 208 209 210 209 209 209 210 209 208 208 205 206 203
 205 205 207 209 210 208 188 158 175 210 209 209 207 207 206 202
 205 207 209 210 211 210 135  22  89 210 210 210 209 208 207 202
 206 208 208 209 210 210 128  22  95 210 211 210 209 209 207 202
 206 207 208 211 209 211 149  22  86 209 209 209 208 208 205 200
 205 206 207 209 209 210 146  22  80 210 208 208 208 206 205 201
 203 205 207 208 209 207 147  22  83 207 207 207 207 206 205 202
 201 204 205 206 207 206 143  22  82 207 206 206 203 204 202 200
 201 202 203 203 204 204 135  22  83 205 205 204 204 202 202 198
 198 200 201 202 201 201 145  22  75 202 203 202 201 200 200 196
 197 198 198 173 162 164 126  20  58 173 178 161 198 199 197 195
 195 197 197  74  22  23  21  21  21  19  19  19 185 195 196 192
 193 194 194 127  97  93  90  85  80  83 100  95 189 194 193 189
 188 190 192 192 194 193 193 194 194 195 194 192 193 193 192 189
  22  22 109 206 207 208 208 208 208 208 207 206 205 204 204 199
  22  22 117 209 209 210 209 209 210 210 208 208 208 206 204 201
  78  80 150 210 210 211 210 210 210 210 211 208 208 207 206 204
 207 209 209 210 211 211 186 152 171 211 211 210 209 208 207 204
 209 210 210 211 212 211 135  22  88 210 211 211 210 209 207 205
 210 210 211 212 212 210 131  22  91 211 212 210 210 209 208 206
 208 209 210 211 211 210 148  22  88 211 211 209 209 208 207 205
 208 209 210 210 210 210 142  22  82 210 210 208 209 207 206 205
 207 208 208 209 209 209 142  22  83 208 209 207 207 207 205 202
 205 206 206 208 208 208 139  22  82 206 207 206 206 205 204 203
 202 205 205 205 206 205 132  22  85 204 204 204 204 203 201 199
 202 202 203 204 203 203 142  22  70 203 203 202 201 200 200 198
 199 200 199 175 169 171 124  21  61 180 184 162 196 198 197 196
 197 197 199  70  23  23  21  21  21  20  20  15 184 196 195 194
 194 195 195 119  88  84  82  79  75  79  95  89 188 194 193 192
 191 193 194 194 194 194 194 194 193 192 193 192 192 191 190 188
  22  22 115 203 204 204 204 204 204 204 204 204 204 202 202 197
  22  22 117 204 205 207 206 206 206 207 207 205 205 205 203 200
  81  82 145 205 206 208 206 208 207 209 208 209 208 205 204 199
 205 204 204 206 207 209 189 152 175 207 208 207 206 207 205 200
 205 206 207 208 208 210 146  21 102 209 209 208 209 207 205 200
 205 205 206 208 209 210 140  22  98 210 209 208 209 207 205 199
 204 204 205 207 207 208 155  22  89 207 207 207 206 207 205 199
 203 204 205 207 207 206 154  22  84 205 206 207 206 205 205 198
 201 202 203 203 205 205 143  22  85 206 205 205 205 204 203 200
 199 201 203 201 203 203 144  22  79 204 203 204 204 203 201 195
 198 198 200 201 200 201 140  22  78 202 203 202 201 201 200 196
 195 197 197 198 199 198 149  22  78 199 200 199 199 198 198 193
 192 195 195 178 170 172 135  21  79 191 190 176 191 195 195 192
 190 189 183  69  23  23  22  22  23  26  27  34 173 193 193 188
 188 189 187 117  93  90  85  78  70  72  85  86 178 192 191 187
 185 184 186 186 188 188 188 188 189 190 189 189 188 188 189 187

 196 201 203 202 202 202 200 201 202 200 198 196 195 192 189 189
 202 204 206 206 207 207 205 205 205 202 202 200 197 196 193 192
 204 205 205 207 208 209 208 206 206 204 202 200 199 195 194 193
 205 206 208 207 209 209 208 208 207 203 204 201 198 185 189 193
 206 207 208 209 210 210 209 208 207 206 204 202 161  19  95 192
 207 208 209 209 210 211 209 208 207 206 205 203 178  19 100 194
 207 209 210 210 210 210 209 210 207 207 205 202 173  19  83 195
 206 209 209 175  89  95  86  80  83  82  83  75  58  21  80 194
 205 209 209 158  22  22  22  22  22  22  22  22  20  21  85 194
 206 208 209 188 135 128 149 146 147 143 135 145 126  21  90 193
 206 209 210 208 210 210 211 210 207 206 204 201 164  23  93 193
 205 207 209 210 211 210 209 209 209 207 204 201 162  22  97 194
 203 207 208 209 210 209 211 209 208 206 203 202 173  74 127 192
 106 114 144 207 209 208 208 207 207 205 203 201 198 197 194 192
  22  22  63 205 207 208 207 206 205 204 202 200 198 197 194 190
  22  22  63 205 205 206 206 205 203 201 201 198 197 195 193 188
 199 201 204 204 205 206 205 205 202 203 199 198 196 194 192 188
 204 204 206 207 207 208 207 206 205 204 201 200 197 195 193 190
 204 206 207 208 209 209 208 207 207 205 203 200 198 196 194 191
 205 208 208 209 210 210 209 209 207 206 204 201 196 184 188 192
 206 208 208 210 211 210 209 208 207 206 204 202 162  15  89 192
 207 208 211 211 211 212 211 210 209 207 204 203 184  20  95 193
 208 210 210 211 210 211 211 210 208 206 204 203 180  20  79 192
 208 210 210 171  88  91  88  82  83  82  85  70  61  21  75 193
 208 209 210 152  22  22  22  22  22  22  22  22  21  21  79 194
 208 209 210 186 135 131 148 142 142 139 132 142 124  21  82 194
 208 210 211 211 211 210 210 210 209 208 205 203 171  23  84 194
 207 209 210 211 212 212 211 210 209 208 206 203 169  23  88 194
 206 209 210 210 211 212 211 210 209 208 205 204 175  70 119 194
 109 117 150 209 210 211 210 210 208 206 205 203 199 199 195 194
  22  22  80 209 210 210 209 209 208 206 205 202 200 197 195 193
  22  22  78 207 209 210 208 208 207 205 202 202 199 197 194 191
 197 200 199 200 200 199 199 198 200 195 196 193 192 188 187 187
 202 203 204 205 205 205 205 205 203 201 200 198 195 193 191 189
 202 205 205 207 207 207 207 205 204 203 201 198 195 193 192 188
 204 205 208 206 209 209 206 206 205 204 201 199 191 173 178 188
 204 205 209 207 208 208 207 207 205 204 202 199 176  34  86 189
 204 207 208 208 209 209 207 206 205 203 203 200 190  27  85 189
 204 207 209 207 209 210 207 205 206 204 202 199 191  26  72 190
 204 206 207 175 102  98  89  84  85  79  78  78  79  23  70 189
 204 206 208 152  21  22  22  22  22  22  22  22  21  22  78 188
 204 206 206 189 146 140 155 154 143 144 140 149 135  22  85 188
 204 207 208 209 210 210 208 206 205 203 201 198 172  23  90 188
 204 205 206 207 208 209 207 207 205 203 200 199 170  23  93 188
 203 204 205 206 208 208 207 207 203 201 201 198 178  69 117 186
 115 117 145 204 207 206 205 205 203 203 200 197 195 183 187 186
  22  22  82 204 206 205 204 204 202 201 198 197 195 189 189 184
  22  22  81 205 205 205 204 203 201 199 198 195 192 190 188 185

