 187 192 193 194 193 194 194 194 194 194 194 193 194 193 191 189
 190 194 196 190  73  76  78  83  85  88  92  95 124 195 194 194
 192 196 196 185  23  21  19  21  22  22  23  21  62 198 196 196
 195 198 199 198 181 180 179  72  21 116 167 167 186 199 198 197
 196 200 201 201 202 202 202  85  22 129 202 202 202 201 200 199
 199 202 203 203 204 205 204  87  22 133 204 204 204 203 203 202
 201 203 205 205 207 206 206  88  22 138 206 206 206 204 203 201
 199 204 206 206 207 207 208  85  22 141 208 209 208 207 205 204
 200 205 206 209 208 209 208  96  22 139 210 210 208 208 206 204
 199 206 208 207 209 210 210  99  22 126 210 210 210 209 208 204
 202 206 208 209 210 211 210  96  22 129 210 210 210 209 208 206
 202 206 208 209 209 211 211 100  21 134 210 211 210 209 208 205
 200 203 204 206 210 208 209 176 161 192 209 210 210 209 207 205
  55  62  69 171 206 209 210 209 210 209 210 210 209 207 205 204
  22  22  21 161 206 208 209 208 209 208 207 207 208 207 206 203
  22  22  21 160 204 205 206 206 206 206 205 205 205 204 204 201
 190 191 192 192 194 193 194 194 194 195 195 194 195 193 193 192
 193 193 194 189  68  71  73  78  79  80  83  88 118 196 196 195
 195 195 195 185  16  19  19  21  22  23  24  22  53 199 198 196
 197 197 199 197 186 185 183  74  21 114 169 174 189 201 200 199
 198 200 201 201 202 203 203  90  22 126 203 203 203 203 203 201
 200 202 203 203 205 205 206  86  22 130 206 206 206 205 205 203
 202 203 206 206 206 207 207  87  22 135 208 208 208 207 206 206
 202 205 207 208 207 209 209  87  22 136 210 209 209 209 207 207
 204 206 208 208 209 210 209  98  22 137 210 211 210 209 209 208
 206 208 208 209 209 210 210  97  22 126 210 210 211 210 209 208
 206 207 209 210 210 212 211  92  22 129 211 212 211 211 211 210
 204 207 208 210 210 211 210  97  21 133 211 212 212 210 209 209
 204 206 207 209 209 210 211 175 153 189 211 211 210 210 210 208
  56  58  65 173 208 209 210 210 210 210 211 211 210 210 210 208
  22  22  20 165 209 208 209 209 209 209 209 210 210 209 208 207
  22  22  21 163 206 206 208 207 208 207 207 207 207 206 206 206
 185 189 188 189 186 189 187 188 188 188 188 187 187 187 187 185
 187 191 192 181  63  62  64  73  75  77  85  89 117 188 188 187
 188 193 195 177  34  28  26  22  22  23  24  20  71 185 191 190
 191 195 196 193 191 188 186  78  21 125 179 179 197 193 195 194
 192 198 199 199 198 200 200  83  22 132 198 198 198 198 197 196
 194 200 202 202 202 203 201  85  22 134 200 201 201 200 200 199
 198 201 202 205 204 205 203  88  22 142 202 204 203 202 202 200
 199 203 204 205 205 206 208  88  22 155 206 205 204 204 204 202
 197 204 205 205 206 208 208 100  22 146 205 206 205 205 204 204
 199 205 206 205 206 208 208 103  22 131 207 207 207 205 204 204
 200 206 208 207 208 209 209 107  22 135 209 209 208 207 206 204
 199 206 207 209 208 209 208 100  21 139 208 208 207 206 205 205
 199 203 205 205 207 208 208 174 155 192 208 207 207 206 206 204
  56  72  78 181 206 207 208 208 206 207 208 207 206 205 205 204
  22  22  22 173 202 205 206 206 206 207 207 206 205 204 204 204
  22  22  22 171 200 203 205 204 203 205 204 204 203 203 202 202

 189 194 196 197 199 202 201 204 204 204 206 205 205 204 203 201
 191 194 196 198 200 203 203 205 206 208 208 208 207 205 206 204
 193 195 198 199 201 203 204 207 208 209 209 209 209 207 207 204
 194 124  62 186 202 204 206 208 208 210 210 210 210 209 208 205
 193  95  21 167 202 204 206 209 210 210 210 211 210 210 207 205
 194  92  23 167 202 204 206 208 210 210 210 210 209 210 207 205
 194  88  22 116 129 133 138 141 139 126 129 134 192 209 208 206
 194  85  22  21  22  22  22  22  22  22  22  21 161 210 209 206
 194  83  21  72  85  87  88  85  96  99  96 100 176 209 208 206
 194  78  19 179 202 204 206 208 208 210 210 211 209 210 209 206
 194  76  21 180 202 205 206 207 209 210 211 211 208 209 208 205
 193  73  23 181 202 204 207 207 208 209 210 209 210 206 206 204
 194 190 185 198 201 203 205 206 209 207 209 209 206 171 161 160
 193 196 196 199 201 203 205 206 206 208 208 208 204  69  21  21
 192 194 196 198 200 202 203 204 205 206 206 206 203  62  22  22
 187 190 192 195 196 199 201 199 200 199 202 202 200  55  22  22
 192 195 196 199 201 203 206 207 208 208 210 209 208 208 207 206
 193 196 198 200 203 205 206 207 209 209 211 209 210 210 208 206
 193 196 199 201 203 205 207 209 209 210 211 210 210 210 209 206
 195 118  53 189 203 206 208 209 210 211 211 212 210 210 210 207
 194  88  22 174 203 206 208 209 211 210 212 212 211 211 210 207
 195  83  24 169 203 206 208 210 210 210 211 211 211 211 209 207
 195  80  23 114 126 130 135 136 137 126 129 133 189 210 209 207
 194  79  22  21  22  22  22  22  22  22  22  21 153 210 209 208
 194  78  21  74  90  86  87  87  98  97  92  97 175 210 209 207
 194  73  19 183 203 206 207 209 209 210 211 210 211 210 209 208
 193  71  19 185 203 205 207 209 210 210 212 211 210 209 208 206
 194  68  16 186 202 205 206 207 209 209 210 210 209 208 209 206
 192 189 185 197 201 203 206 208 208 209 210 210 209 173 165 163
 192 194 195 199 201 203 206 207 208 208 209 208 207  65  20  21
 191 193 195 197 200 202 203 205 206 208 207 207 206  58  22  22
 190 193 195 197 198 200 202 202 204 206 206 204 204  56  22  22
 185 187 190 194 196 199 200 202 204 204 204 205 204 204 204 202
 187 188 191 195 197 200 202 204 204 204 206 205 206 205 204 202
 187 188 185 193 198 200 202 204 205 205 207 206 206 205 204 203
 187 117  71 197 198 201 203 204 205 207 208 207 207 206 205 203
 187  89  20 179 198 201 204 205 206 207 209 208 207 207 206 204
 188  85  24 179 198 200 202 206 205 207 209 208 208 208 207 204
 188  77  23 125 132 134 142 155 146 131 135 139 192 207 207 205
 188  75  22  21  22  22  22  22  22  22  22  21 155 206 206 203
 188  73  22  78  83  85  88  88 100 103 107 100 174 208 206 204
 187  64  26 186 200 201 203 208 208 208 209 208 208 208 206 205
 189  62  28 188 200 203 205 206 208 208 209 209 208 207 205 203
 186  63  34 191 198 202 204 205 206 206 208 208 207 206 202 200
 189 181 177 193 199 202 205 205 205 205 207 209 205 181 173 171
 188 192 195 196 199 202 202 204 205 206 208 207 205  78  22  22
 189 191 193 195 198 200 201 203 204 205 206 206 203  72  22  22
 185 187 188 191 192 194 198 199 197 199 200 199 199  56  22  22

 201 204 204 205 205 205 206 206 206 206 205 204 160  21  22  22
 203 206 207 208 207 207 208 209 208 209 208 206 161  21  22  22
 204 205 207 209 210 210 209 210 209 210 209 206 171  69  62  55
 205 207 209 210 210 209 192 161 176 209 208 210 206 204 203 200
 205 208 209 210 211 210 134  21 100 211 211 209 209 208 206 202
 206 208 209 210 210 210 129  22  96 210 211 210 209 208 206 202
 204 208 209 210 210 210 126  22  99 210 210 209 207 208 206 199
 204 206 208 208 210 210 139  22  96 208 209 208 209 206 205 200
 204 205 207 208 209 208 141  22  85 208 207 207 206 206 204 199
 201 203 204 206 206 206 138  22  88 206 206 207 205 205 203 201
 202 203 203 204 204 204 133  22  87 204 205 204 203 203 202 199
 199 200 201 202 202 202 129  22  85 202 202 202 201 201 200 196
 197 198 199 186 167 167 116  21  72 179 180 181 198 199 198 195
 196 196 198  62  21  23  22  22  21  19  21  23 185 196 196 192
 194 194 195 124  95  92  88  85  83  78  76  73 190 196 194 190
 189 191 193 194 193 194 194 194 194 194 194 193 194 193 192 187
 206 206 206 207 207 207 207 208 207 208 206 206 163  21  22  22
 207 208 209 210 210 209 209 209 209 209 208 209 165  20  22  22
 208 210 210 210 211 211 210 210 210 210 209 208 173  65  58  56
 208 210 210 210 211 211 189 153 175 211 210 209 209 207 206 204
 209 209 210 212 212 211 133  21  97 210 211 210 210 208 207 204
 210 211 211 211 212 211 129  22  92 211 212 210 210 209 207 206
 208 209 210 211 210 210 126  22  97 210 210 209 209 208 208 206
 208 209 209 210 211 210 137  22  98 209 210 209 208 208 206 204
 207 207 209 209 209 210 136  22  87 209 209 207 208 207 205 202
 206 206 207 208 208 208 135  22  87 207 207 206 206 206 203 202
 203 205 205 206 206 206 130  22  86 206 205 205 203 203 202 200
 201 203 203 203 203 203 126  22  90 203 203 202 201 201 200 198
 199 200 201 189 174 169 114  21  74 183 185 186 197 199 197 197
 196 198 199  53  22  24  23  22  21  19  19  16 185 195 195 195
 195 196 196 118  88  83  80  79  78  73  71  68 189 194 193 193
 192 193 193 195 194 195 195 194 194 194 193 194 192 192 191 190
 202 202 203 203 204 204 205 203 204 205 203 200 171  22  22  22
 204 204 204 205 206 207 207 206 206 206 205 202 173  22  22  22
 204 205 205 206 207 208 207 206 208 208 207 206 181  78  72  56
 204 206 206 207 207 208 192 155 174 208 208 207 205 205 203 199
 205 205 206 207 208 208 139  21 100 208 209 208 209 207 206 199
 204 206 207 208 209 209 135  22 107 209 209 208 207 208 206 200
 204 204 205 207 207 207 131  22 103 208 208 206 205 206 205 199
 204 204 205 205 206 205 146  22 100 208 208 206 205 205 204 197
 202 204 204 204 205 206 155  22  88 208 206 205 205 204 203 199
 200 202 202 203 204 202 142  22  88 203 205 204 205 202 201 198
 199 200 200 201 201 200 134  22  85 201 203 202 202 202 200 194
 196 197 198 198 198 198 132  22  83 200 200 198 199 199 198 192
 194 195 193 197 179 179 125  21  78 186 188 191 193 196 195 191
 190 191 185  71  20  24  23  22  22  26  28  34 177 195 193 188
 187 188 188 117  89  85  77  75  73  64  62  63 181 192 191 187
 185 187 187 187 187 188 188 188 188 187 189 186 189 188 189 185

  22  22  55 200 202 202 199 200 199 201 199 196 195 192 190 187
  22  22  62 203 206 206 206 205 204 203 202 200 198 196 194 192
  21  21  69 204 208 208 208 206 206 205 203 201 199 196 196 193
 160 161 171 206 209 209 207 209 206 205 203 201 198 185 190 194
 204 206 206 210 209 210 209 208 207 207 204 202 181  23  73 193
 205 208 209 208 211 211 210 209 207 206 205 202 180  21  76 194
 206 209 210 209 211 210 210 208 208 206 204 202 179  19  78 194
 206 208 209 176 100  96  99  96  85  88  87  85  72  21  83 194
 206 209 210 161  21  22  22  22  22  22  22  22  21  22  85 194
 206 208 209 192 134 129 126 139 141 138 133 129 116  22  88 194
 205 207 210 209 210 210 210 210 208 206 204 202 167  23  92 194
 205 207 210 210 211 210 210 210 209 206 204 202 167  21  95 193
 205 208 209 210 210 210 210 208 208 206 204 202 186  62 124 194
 204 207 207 209 209 209 209 208 207 204 203 201 199 198 195 193
 204 206 205 207 208 208 208 206 205 203 203 200 198 196 194 191
 201 203 204 205 205 206 204 204 204 201 202 199 197 196 194 189
  22  22  56 204 204 206 206 204 202 202 200 198 197 195 193 190
  22  22  58 206 207 207 208 206 205 203 202 200 197 195 193 191
  21  20  65 207 208 209 208 208 207 206 203 201 199 195 194 192
 163 165 173 209 210 210 209 208 208 206 203 201 197 185 189 192
 206 209 208 209 210 210 209 209 207 206 205 202 186  16  68 194
 206 208 209 210 211 212 210 210 209 207 205 203 185  19  71 193
 208 209 210 211 210 211 210 209 209 207 206 203 183  19  73 194
 207 209 210 175  97  92  97  98  87  87  86  90  74  21  78 194
 208 209 210 153  21  22  22  22  22  22  22  22  21  22  79 194
 207 209 210 189 133 129 126 137 136 135 130 126 114  23  80 195
 207 209 211 211 211 211 210 210 210 208 206 203 169  24  83 195
 207 210 211 211 212 212 210 211 209 208 206 203 174  22  88 194
 207 210 210 210 212 211 211 210 209 208 206 203 189  53 118 195
 206 209 210 210 210 211 210 209 209 207 205 203 201 199 196 193
 206 208 210 210 209 211 209 209 207 206 205 203 200 198 196 193
 206 207 208 208 209 210 208 208 207 206 203 201 199 196 195 192
  22  22  56 199 199 200 199 197 199 198 194 192 191 188 187 185
  22  22  72 203 206 206 205 204 203 201 200 198 195 193 191 189
  22  22  78 205 207 208 206 205 204 202 202 199 196 195 192 188
 171 173 181 205 209 207 205 205 205 205 202 199 193 177 181 189
 200 202 206 207 208 208 206 206 205 204 202 198 191  34  63 186
 203 205 207 208 209 209 208 208 206 205 203 200 188  28  62 189
 205 206 208 208 208 209 208 208 208 203 201 200 186  26  64 187
 204 206 208 174 100 107 103 100  88  88  85  83  78  22  73 188
 203 206 206 155  21  22  22  22  22  22  22  22  21  22  75 188
 205 207 207 192 139 135 131 146 155 142 134 132 125  23  77 188
 204 207 208 208 208 209 207 205 206 202 200 198 179  24  85 188
 204 206 207 207 208 209 207 206 205 204 201 198 179  20  89 187
 203 205 206 207 207 208 207 205 204 203 201 198 197  71 117 187
 203 204 205 206 206 207 205 205 204 202 200 198 193 185 188 187
 202 204 205 206 205 206 204 204 204 202 200 197 195 191 188 187
 202 204 204 204 205 204 204 204 202 200 199 196 194 190 187 185

