 189 191 192 192 192 194 192 195 195 193 193 192 192 191 191 189
 192 194 195 177  98 101 103 103  90  90  95 100 125 194 194 193
 193 196 195 161  20  21  19  21  22  21  21  21  73 197 196 196
 194 198 198 194 163 159 159  56  21 123 161 163 172 198 198 196
 197 200 201 202 201 202 203  69  20 151 201 200 201 200 200 199
 200 201 203 204 204 205 205  65  22 156 203 204 203 202 201 200
 201 203 204 204 204 206 205  78  22 146 205 207 206 204 205 203
 203 204 205 206 207 208 207  80  22 151 207 208 208 205 204 203
 204 204 206 207 207 208 209  80  22 149 210 209 209 208 206 205
 179 186 182 202 209 210 211  82  22 151 212 210 209 208 207 205
  17  17  21 189 207 211 209  87  22 155 210 210 210 207 206 205
  22  21  22 176 208 210 210  89  22 137 210 210 210 210 208 205
  22  22  21 174 208 208 209 178 159 187 209 209 209 209 207 204
  22  22  20 176 207 209 208 210 209 209 210 209 209 207 206 204
  22  22  19 176 205 207 208 209 208 209 209 208 207 206 203 203
  22  22  20 164 204 205 206 205 205 205 206 205 205 204 203 202
 189 190 192 192 193 193 192 193 193 194 195 194 194 194 193 192
 192 193 194 175  90  93  96  98  85  83  87  93 119 195 195 194
 194 196 196 157  15  19  20  21  22  22  21  21  70 200 197 197
 196 197 198 191 162 161 159  60  21 122 166 168 176 200 200 199
 199 200 201 201 202 202 201  68  22 147 203 203 203 203 202 201
 201 202 203 203 204 205 204  63  22 151 206 206 206 205 205 202
 201 204 206 205 206 207 207  76  22 144 207 208 208 207 207 205
 203 204 206 207 207 209 209  80  22 150 210 210 209 208 208 206
 205 205 207 208 209 210 209  81  22 147 211 210 211 209 209 207
 181 189 185 205 210 210 211  79  22 149 210 211 211 210 209 209
  17  17  20 191 209 211 211  81  22 154 212 212 211 212 211 210
  22  22  24 179 210 211 211  86  21 137 212 212 212 210 210 209
  22  21  23 178 210 210 210 172 147 186 211 212 211 210 209 209
  22  21  21 180 208 209 210 210 210 210 211 211 210 209 210 208
  22  22  21 179 207 208 209 209 210 210 210 209 209 208 209 207
  22  22  21 166 206 207 208 207 208 208 208 207 207 207 206 205
 187 188 188 187 188 188 187 188 188 188 187 186 185 185 184 183
 189 191 191 169  90  87  90  93  82  83  91  98 119 189 189 187
 189 193 192 158  32  27  26  22  21  21  23  21  70 186 192 190
 191 195 196 190 175 172 170  69  21 142 180 170 176 193 195 193
 194 198 198 199 199 200 199  75  21 155 199 199 198 197 197 196
 196 200 202 201 201 203 201  75  22 158 201 200 201 200 198 199
 198 200 202 204 203 203 204  74  22 150 202 204 202 201 202 200
 200 203 203 205 205 205 206  74  22 152 203 205 203 205 203 202
 201 206 205 206 207 206 207  83  22 146 205 207 205 206 204 203
 181 188 181 200 206 207 206  78  22 153 208 207 207 206 205 204
  26  27  34 197 208 209 206  86  22 161 209 208 208 207 205 205
  22  21  24 189 207 208 208  91  20 146 208 208 206 207 206 204
  22  22  24 185 205 208 208 174 156 197 208 207 207 206 207 205
  22  22  21 194 204 208 209 208 208 207 207 206 207 206 206 204
  22  22  22 196 203 205 205 206 206 206 208 205 205 204 203 203
  22  22  24 173 201 203 204 204 205 203 204 203 203 203 203 202

 189 193 196 196 199 200 203 203 205 205 205 205 204 204 203 202
 191 194 196 198 200 201 205 204 206 207 206 208 207 206 203 203
 191 194 197 198 200 202 204 205 208 208 207 210 209 207 206 204
 192 125  73 172 201 203 206 208 209 209 210 210 209 209 207 205
 192 100  21 163 200 204 207 208 209 210 210 210 209 209 208 205
 193  95  21 161 201 203 205 207 210 212 210 210 209 210 209 206
 193  90  21 123 151 156 146 151 149 151 155 137 187 209 209 205
 195  90  22  21  20  22  22  22  22  22  22  22 159 209 208 205
 195 103  21  56  69  65  78  80  80  82  87  89 178 210 209 205
 192 103  19 159 203 205 205 207 209 211 209 210 209 208 208 206
 194 101  21 159 202 205 206 208 208 210 211 210 208 209 207 205
 192  98  20 163 201 204 204 207 207 209 207 208 208 207 205 204
 192 177 161 194 202 204 204 206 207 202 189 176 174 176 176 164
 192 195 195 198 201 203 204 205 206 182  21  22  21  20  19  20
 191 194 196 198 200 201 203 204 204 186  17  21  22  22  22  22
 189 192 193 194 197 200 201 203 204 179  17  22  22  22  22  22
 192 194 197 199 201 202 205 206 207 209 210 209 209 208 207 205
 193 195 197 200 202 205 207 208 209 209 211 210 209 210 209 206
 194 195 200 200 203 205 207 208 209 210 212 210 210 209 208 207
 194 119  70 176 203 206 208 209 211 211 211 212 211 210 209 207
 194  93  21 168 203 206 208 210 210 211 212 212 212 211 209 207
 195  87  21 166 203 206 207 210 211 210 212 212 211 211 210 208
 194  83  22 122 147 151 144 150 147 149 154 137 186 210 210 208
 193  85  22  21  22  22  22  22  22  22  22  21 147 210 210 208
 193  98  21  60  68  63  76  80  81  79  81  86 172 210 209 207
 192  96  20 159 201 204 207 209 209 211 211 211 210 210 209 208
 193  93  19 161 202 205 207 209 210 210 211 211 210 209 208 207
 193  90  15 162 202 204 206 207 209 210 209 210 210 208 207 206
 192 175 157 191 201 203 205 207 208 205 191 179 178 180 179 166
 192 194 196 198 201 203 206 206 207 185  20  24  23  21  21  21
 190 193 196 197 200 202 204 204 205 189  17  22  21  21  22  22
 189 192 194 196 199 201 201 203 205 181  17  22  22  22  22  22
 183 187 190 193 196 199 200 202 203 204 205 204 205 204 203 202
 184 189 192 195 197 198 202 203 204 205 205 206 207 206 203 203
 185 189 186 193 197 200 201 205 206 206 207 207 206 206 204 203
 185 119  70 176 198 201 202 203 205 207 208 206 207 207 205 203
 186  98  21 170 199 200 204 205 207 207 208 208 207 206 205 203
 187  91  23 180 199 201 202 203 205 208 209 208 208 207 208 204
 188  83  21 142 155 158 150 152 146 153 161 146 197 207 206 203
 188  82  21  21  21  22  22  22  22  22  22  20 156 208 206 205
 188  93  22  69  75  75  74  74  83  78  86  91 174 208 206 204
 187  90  26 170 199 201 204 206 207 206 206 208 208 209 205 204
 188  87  27 172 200 203 203 205 206 207 209 208 208 208 205 203
 188  90  32 175 199 201 203 205 207 206 208 207 205 204 203 201
 187 169 158 190 199 201 204 205 206 200 197 189 185 194 196 173
 188 191 192 196 198 202 202 203 205 181  34  24  24  21  22  24
 188 191 193 195 198 200 200 203 206 188  27  21  22  22  22  22
 187 189 189 191 194 196 198 200 201 181  26  22  22  22  22  22

 202 203 204 205 205 206 205 205 205 206 205 204 164  20  22  22
 203 203 206 207 208 209 209 208 209 208 207 205 176  19  22  22
 204 206 207 209 209 210 209 209 210 208 209 207 176  20  22  22
 204 207 209 209 209 209 187 159 178 209 208 208 174  21  22  22
 205 208 210 210 210 210 137  22  89 210 210 208 176  22  21  22
 205 206 207 210 210 210 155  22  87 209 211 207 189  21  17  17
 205 207 208 209 210 212 151  22  82 211 210 209 202 182 186 179
 205 206 208 209 209 210 149  22  80 209 208 207 207 206 204 204
 203 204 205 208 208 207 151  22  80 207 208 207 206 205 204 203
 203 205 204 206 207 205 146  22  78 205 206 204 204 204 203 201
 200 201 202 203 204 203 156  22  65 205 205 204 204 203 201 200
 199 200 200 201 200 201 151  20  69 203 202 201 202 201 200 197
 196 198 198 172 163 161 123  21  56 159 159 163 194 198 198 194
 196 196 197  73  21  21  21  22  21  19  21  20 161 195 196 193
 193 194 194 125 100  95  90  90 103 103 101  98 177 195 194 192
 189 191 191 192 192 193 193 195 195 192 194 192 192 192 191 189
 205 206 207 207 207 208 208 208 207 208 207 206 166  21  22  22
 207 209 208 209 209 210 210 210 209 209 208 207 179  21  22  22
 208 210 209 210 211 211 210 210 210 210 209 208 180  21  21  22
 209 209 210 211 212 211 186 147 172 210 210 210 178  23  21  22
 209 210 210 212 212 212 137  21  86 211 211 210 179  24  22  22
 210 211 212 211 212 212 154  22  81 211 211 209 191  20  17  17
 209 209 210 211 211 210 149  22  79 211 210 210 205 185 189 181
 207 209 209 211 210 211 147  22  81 209 210 209 208 207 205 205
 206 208 208 209 210 210 150  22  80 209 209 207 207 206 204 203
 205 207 207 208 208 207 144  22  76 207 207 206 205 206 204 201
 202 205 205 206 206 206 151  22  63 204 205 204 203 203 202 201
 201 202 203 203 203 203 147  22  68 201 202 202 201 201 200 199
 199 200 200 176 168 166 122  21  60 159 161 162 191 198 197 196
 197 197 200  70  21  21  22  22  21  20  19  15 157 196 196 194
 194 195 195 119  93  87  83  85  98  96  93  90 175 194 193 192
 192 193 194 194 194 195 194 193 193 192 193 193 192 192 190 189
 202 203 203 203 203 204 203 205 204 204 203 201 173  24  22  22
 203 203 204 205 205 208 206 206 206 205 205 203 196  22  22  22
 204 206 206 207 206 207 207 208 208 209 208 204 194  21  22  22
 205 207 206 207 207 208 197 156 174 208 208 205 185  24  22  22
 204 206 207 206 208 208 146  20  91 208 208 207 189  24  21  22
 205 205 207 208 208 209 161  22  86 206 209 208 197  34  27  26
 204 205 206 207 207 208 153  22  78 206 207 206 200 181 188 181
 203 204 206 205 207 205 146  22  83 207 206 207 206 205 206 201
 202 203 205 203 205 203 152  22  74 206 205 205 205 203 203 200
 200 202 201 202 204 202 150  22  74 204 203 203 204 202 200 198
 199 198 200 201 200 201 158  22  75 201 203 201 201 202 200 196
 196 197 197 198 199 199 155  21  75 199 200 199 199 198 198 194
 193 195 193 176 170 180 142  21  69 170 172 175 190 196 195 191
 190 192 186  70  21  23  21  21  22  26  27  32 158 192 193 189
 187 189 189 119  98  91  83  82  93  90  87  90 169 191 191 189
 183 184 185 185 186 187 188 188 188 187 188 188 187 188 188 187

  22  22  22  22  22  17 179 204 203 201 200 197 194 193 192 189
  22  22  22  22  21  17 186 204 204 203 201 200 198 196 194 191
  20  19  20  21  22  21 182 206 205 204 203 201 198 195 195 192
 164 176 176 174 176 189 202 207 206 204 204 202 194 161 177 192
 204 205 207 208 208 207 209 207 207 204 204 201 163  20  98 192
 205 207 209 208 210 211 210 208 208 206 205 202 159  21 101 194
 206 208 208 209 210 209 211 209 207 205 205 203 159  19 103 192
 205 209 210 178  89  87  82  80  80  78  65  69  56  21 103 195
 205 208 209 159  22  22  22  22  22  22  22  20  21  22  90 195
 205 209 209 187 137 155 151 149 151 146 156 151 123  21  90 193
 206 209 210 209 210 210 212 210 207 205 203 201 161  21  95 193
 205 208 209 209 210 210 210 209 208 207 204 200 163  21 100 192
 205 207 209 209 210 210 209 209 208 206 203 201 172  73 125 192
 204 206 207 209 210 207 208 208 205 204 202 200 198 197 194 191
 203 203 206 207 208 206 207 206 204 205 201 200 198 196 194 191
 202 203 204 204 205 205 205 205 203 203 200 199 196 196 193 189
  22  22  22  22  22  17 181 205 203 201 201 199 196 194 192 189
  22  22  21  21  22  17 189 205 204 204 202 200 197 196 193 190
  21  21  21  23  24  20 185 207 206 206 203 201 198 196 194 192
 166 179 180 178 179 191 205 208 207 205 203 201 191 157 175 192
 206 207 208 210 210 209 210 209 207 206 204 202 162  15  90 193
 207 208 209 210 211 211 210 210 209 207 205 202 161  19  93 193
 208 209 210 210 211 211 211 209 209 207 204 201 159  20  96 192
 207 209 210 172  86  81  79  81  80  76  63  68  60  21  98 193
 208 210 210 147  21  22  22  22  22  22  22  22  21  22  85 193
 208 210 210 186 137 154 149 147 150 144 151 147 122  22  83 194
 208 210 211 211 212 212 210 211 210 207 206 203 166  21  87 195
 207 209 211 212 212 212 211 210 210 208 206 203 168  21  93 194
 207 209 210 211 212 211 211 211 209 208 206 203 176  70 119 194
 207 208 209 210 210 212 210 209 208 207 205 203 200 200 195 194
 206 209 210 209 210 211 209 209 208 207 205 202 200 197 195 193
 205 207 208 209 209 210 209 207 206 205 202 201 199 197 194 192
  22  22  22  22  22  26 181 201 200 198 196 194 191 189 189 187
  22  22  22  22  21  27 188 206 203 200 200 198 195 193 191 188
  24  22  21  24  24  34 181 205 203 202 202 198 196 192 191 188
 173 196 194 185 189 197 200 206 205 204 201 199 190 158 169 187
 201 203 204 205 207 208 206 207 205 203 201 199 175  32  90 188
 203 205 208 208 208 209 207 206 205 203 203 200 172  27  87 188
 204 205 209 208 208 206 206 207 206 204 201 199 170  26  90 187
 204 206 208 174  91  86  78  83  74  74  75  75  69  22  93 188
 205 206 208 156  20  22  22  22  22  22  22  21  21  21  82 188
 203 206 207 197 146 161 153 146 152 150 158 155 142  21  83 188
 204 208 207 208 208 209 208 205 203 202 201 199 180  23  91 187
 203 205 206 207 208 208 207 207 205 204 200 199 170  21  98 186
 203 205 207 207 206 208 207 205 203 202 201 198 176  70 119 185
 203 204 206 206 207 207 206 206 205 201 200 197 193 186 189 185
 203 203 206 207 206 205 205 204 203 202 198 197 195 192 189 184
 202 203 204 205 204 205 204 203 202 200 199 196 193 190 187 183

