 189 192 192 192 193 194 194 194 195 193 193 193 193 191 191 188
 191 193 195 178 100  98 103 103  91  89  94 102 126 193 194 192
 192 196 195 162  23  21  20  21  21  21  21  21  73 196 196 195
 195 199 199 194 165 160 158  57  21 124 162 163 174 199 198 197
 197 200 201 201 200 202 201  65  21 152 201 200 201 200 200 198
 199 202 202 205 205 205 203  68  22 156 203 204 203 203 202 200
 200 203 205 203 205 206 206  77  22 147 204 206 205 204 203 201
 201 204 207 207 208 208 207  78  22 153 207 208 208 206 206 203
 204 205 206 207 209 209 207  80  22 149 209 210 209 208 206 203
 202 206 208 209 209 209 208  81  22 151 210 210 208 198 191 192
 203 206 209 210 210 211 209  88  22 153 211 210 209 107  23  24
 203 206 209 209 209 210 210  89  22 137 210 209 207 116  22  22
 202 207 208 208 208 208 210 177 161 188 210 209 208 111  22  22
 202 206 206 208 208 209 209 208 208 209 210 208 207 118  22  22
 200 203 205 207 207 208 208 209 208 208 207 206 205 112  22  22
 198 201 204 205 206 206 206 206 205 206 205 205 203 107  22  22
 188 190 192 192 192 192 192 193 193 194 194 194 194 194 192 191
 192 193 195 175  91  94  97  98  85  82  86  92 119 195 194 194
 194 195 195 157  16  19  20  21  22  22  21  21  70 200 198 196
 196 197 198 191 162 162 159  62  22 123 166 168 176 200 200 198
 199 200 201 201 201 203 201  68  22 148 203 204 203 203 202 201
 201 202 204 204 204 205 205  64  22 151 206 206 206 205 204 202
 202 204 206 206 206 208 206  76  22 145 207 208 207 206 206 205
 202 206 206 207 207 209 208  79  22 150 209 209 209 208 207 206
 205 207 208 209 210 210 210  82  22 148 211 210 209 210 209 207
 206 208 208 209 210 211 212  79  22 149 211 211 211 201 193 194
 206 207 209 210 211 211 211  83  22 152 212 211 211 110  16  16
 206 208 209 210 211 211 211  86  21 136 212 212 211 122  22  22
 204 206 208 209 210 211 210 173 147 186 211 211 209 117  22  22
 205 207 207 208 209 210 211 210 210 210 210 210 209 122  22  22
 203 205 206 207 208 209 209 210 209 210 210 209 209 118  22  22
 201 203 205 205 206 207 208 207 208 207 207 207 206 110  22  22
 186 188 188 187 188 188 189 188 190 188 187 187 186 185 185 182
 188 192 189 169  89  87  90  92  83  84  90 100 120 189 189 189
 190 193 194 160  32  28  26  22  21  21  22  21  71 185 190 190
 191 196 195 191 175 173 170  68  21 141 180 172 178 194 194 192
 192 196 197 199 199 200 199  73  20 153 197 197 199 197 197 196
 197 199 200 201 201 201 201  74  22 159 200 201 201 199 198 198
 199 201 202 203 203 203 204  73  22 151 202 204 203 203 201 200
 200 203 204 205 205 207 206  74  22 151 204 206 203 204 203 201
 201 204 205 207 206 207 207  83  22 146 204 206 205 206 203 202
 200 205 207 206 208 207 207  77  22 153 208 207 207 195 182 184
 201 206 208 208 207 209 209  85  22 158 208 208 207 124  27  25
 201 206 206 209 209 208 209  91  21 148 208 208 206 117  22  22
 202 206 206 208 208 209 208 175 156 197 208 207 207 110  22  22
 198 205 206 207 208 209 209 209 207 207 208 207 205 121  22  22
 200 203 205 205 206 206 206 206 206 206 205 205 203 115  22  22
 198 202 202 203 204 204 205 205 204 204 204 204 203 112  22  22

 188 192 195 197 198 200 201 203 203 192  24  22  22  22  22  22
 191 194 196 198 200 202 203 206 206 191  23  22  22  22  22  22
 191 193 196 199 200 203 204 206 208 198 107 116 111 118 112 107
 193 126  73 174 201 203 205 208 209 208 209 207 208 207 205 203
 193 102  21 163 200 204 206 208 210 210 210 209 209 208 206 205
 193  94  21 162 201 203 204 207 209 210 211 210 210 210 207 205
 193  89  21 124 152 156 147 153 149 151 153 137 188 209 208 206
 195  91  21  21  21  22  22  22  22  22  22  22 161 208 208 205
 194 103  21  57  65  68  77  78  80  81  88  89 177 208 209 206
 194 103  20 158 201 203 206 207 207 208 209 210 210 209 208 206
 194  98  21 160 202 205 206 208 209 209 211 210 208 209 208 206
 193 100  23 165 200 205 205 208 209 209 210 209 208 208 207 206
 192 178 162 194 201 205 203 207 207 209 210 209 208 208 207 205
 192 195 195 199 201 202 205 207 206 208 209 209 208 206 205 204
 192 193 196 199 200 202 203 204 205 206 206 206 207 206 203 201
 189 191 192 195 197 199 200 201 204 202 203 203 202 202 200 198
 191 194 196 198 201 202 205 206 207 194  16  22  22  22  22  22
 192 194 198 200 202 204 206 207 209 193  16  22  22  22  22  22
 194 195 200 200 203 205 206 208 210 201 110 122 117 122 118 110
 194 119  70 176 203 206 207 209 209 211 211 211 209 209 209 206
 194  92  21 168 204 206 208 209 210 211 211 212 211 210 209 207
 194  86  21 166 203 206 207 209 211 211 212 212 211 210 210 207
 194  82  22 123 148 151 145 150 148 149 152 136 186 210 210 207
 193  85  22  22  22  22  22  22  22  22  22  21 147 210 209 208
 193  98  21  62  68  64  76  79  82  79  83  86 173 210 210 207
 192  97  20 159 201 205 206 208 210 212 211 211 210 211 209 208
 192  94  19 162 203 205 208 209 210 211 211 211 211 210 209 207
 192  91  16 162 201 204 206 207 210 210 211 211 210 209 208 206
 192 175 157 191 201 204 206 207 209 209 210 210 209 208 207 205
 192 195 195 198 201 204 206 206 208 208 209 209 208 207 206 205
 190 193 195 197 200 202 204 206 207 208 207 208 206 207 205 203
 188 192 194 196 199 201 202 202 205 206 206 206 204 205 203 201
 182 189 190 192 196 198 200 201 202 184  25  22  22  22  22  22
 185 189 190 194 197 198 201 203 203 182  27  22  22  22  22  22
 185 189 185 194 197 199 203 204 206 195 124 117 110 121 115 112
 186 120  71 178 199 201 203 203 205 207 207 206 207 205 203 203
 187 100  21 172 197 201 204 206 206 207 208 208 207 207 205 204
 187  90  22 180 197 200 202 204 204 208 208 208 208 208 205 204
 188  84  21 141 153 159 151 151 146 153 158 148 197 207 206 204
 190  83  21  21  20  22  22  22  22  22  22  21 156 207 206 204
 188  92  22  68  73  74  73  74  83  77  85  91 175 209 206 205
 189  90  26 170 199 201 204 206 207 207 209 209 208 209 206 205
 188  87  28 173 200 201 203 207 207 207 209 208 209 209 206 204
 188  89  32 175 199 201 203 205 206 208 207 209 208 208 206 204
 187 169 160 191 199 201 203 205 207 206 208 209 208 207 205 203
 188 189 194 195 197 200 202 204 205 207 208 206 206 206 205 202
 188 192 193 196 196 199 201 203 204 205 206 206 206 205 203 202
 186 188 190 191 192 197 199 200 201 200 201 201 202 198 200 198

  22  22 107 203 205 205 206 205 206 206 206 206 205 204 201 198
  22  22 112 205 206 207 208 208 209 208 208 207 207 205 203 200
  22  22 118 207 208 210 209 208 208 209 209 208 208 206 206 202
  22  22 111 208 209 210 188 161 177 210 208 208 208 208 207 202
  22  22 116 207 209 210 137  22  89 210 210 209 209 209 206 203
  24  23 107 209 210 211 153  22  88 209 211 210 210 209 206 203
 192 191 198 208 210 210 151  22  81 208 209 209 209 208 206 202
 203 206 208 209 210 209 149  22  80 207 209 209 207 206 205 204
 203 206 206 208 208 207 153  22  78 207 208 208 207 207 204 201
 201 203 204 205 206 204 147  22  77 206 206 205 203 205 203 200
 200 202 203 203 204 203 156  22  68 203 205 205 205 202 202 199
 198 200 200 201 200 201 152  21  65 201 202 200 201 201 200 197
 197 198 199 174 163 162 124  21  57 158 160 165 194 199 199 195
 195 196 196  73  21  21  21  21  21  20  21  23 162 195 196 192
 192 194 193 126 102  94  89  91 103 103  98 100 178 195 193 191
 188 191 191 193 193 193 193 195 194 194 194 193 192 192 192 189
  22  22 110 206 207 207 207 208 207 208 207 206 205 205 203 201
  22  22 118 209 209 210 210 209 210 209 209 208 207 206 205 203
  22  22 122 209 210 210 210 210 210 211 210 209 208 207 207 205
  22  22 117 209 211 211 186 147 173 210 211 210 209 208 206 204
  22  22 122 211 212 212 136  21  86 211 211 211 210 209 208 206
  16  16 110 211 211 212 152  22  83 211 211 211 210 209 207 206
 194 193 201 211 211 211 149  22  79 212 211 210 209 208 208 206
 207 209 210 209 210 211 148  22  82 210 210 210 209 208 207 205
 206 207 208 209 209 209 150  22  79 208 209 207 207 206 206 202
 205 206 206 207 208 207 145  22  76 206 208 206 206 206 204 202
 202 204 205 206 206 206 151  22  64 205 205 204 204 204 202 201
 201 202 203 203 204 203 148  22  68 201 203 201 201 201 200 199
 198 200 200 176 168 166 123  22  62 159 162 162 191 198 197 196
 196 198 200  70  21  21  22  22  21  20  19  16 157 195 195 194
 194 194 195 119  92  86  82  85  98  97  94  91 175 195 193 192
 191 192 194 194 194 194 194 193 193 192 192 192 192 192 190 188
  22  22 112 203 204 204 204 204 205 205 204 204 203 202 202 198
  22  22 115 203 205 205 206 206 206 206 206 206 205 205 203 200
  22  22 121 205 207 208 207 207 209 209 209 208 207 206 205 198
  22  22 110 207 207 208 197 156 175 208 209 208 208 206 206 202
  22  22 117 206 208 208 148  21  91 209 208 209 209 206 206 201
  25  27 124 207 208 208 158  22  85 209 209 207 208 208 206 201
 184 182 195 207 207 208 153  22  77 207 207 208 206 207 205 200
 202 203 206 205 206 204 146  22  83 207 207 206 207 205 204 201
 201 203 204 203 206 204 151  22  74 206 207 205 205 204 203 200
 200 201 203 203 204 202 151  22  73 204 203 203 203 202 201 199
 198 198 199 201 201 200 159  22  74 201 201 201 201 200 199 197
 196 197 197 199 197 197 153  20  73 199 200 199 199 197 196 192
 192 194 194 178 172 180 141  21  68 170 173 175 191 195 196 191
 190 190 185  71  21  22  21  21  22  26  28  32 160 194 193 190
 189 189 189 120 100  90  84  83  92  90  87  89 169 189 192 188
 182 185 185 186 187 187 188 190 188 189 188 188 187 188 188 186

 198 200 202 202 203 203 202 204 201 200 199 197 195 192 191 189
 201 203 206 207 206 206 206 205 204 203 202 200 199 196 193 192
 204 205 206 208 209 209 208 206 207 205 202 201 199 195 195 192
 205 207 208 208 209 210 209 207 207 203 205 201 194 162 178 192
 206 207 208 208 209 210 209 209 208 205 205 200 165  23 100 193
 206 208 209 208 210 211 209 209 208 206 205 202 160  21  98 194
 206 208 209 210 210 209 208 207 207 206 203 201 158  20 103 194
 206 209 208 177  89  88  81  80  78  77  68  65  57  21 103 194
 205 208 208 161  22  22  22  22  22  22  22  21  21  21  91 195
 206 208 209 188 137 153 151 149 153 147 156 152 124  21  89 193
 205 207 210 210 210 211 210 209 207 204 203 201 162  21  94 193
 205 206 208 209 209 210 210 210 208 206 204 200 163  21 102 193
 203 205 207 208 207 209 208 209 208 205 203 201 174  73 126 193
 107 112 118 111 116 107 198 208 206 204 203 200 199 196 193 191
  22  22  22  22  22  23 191 206 206 203 202 200 198 196 194 191
  22  22  22  22  22  24 192 203 203 201 200 198 197 195 192 188
 201 203 205 204 206 206 206 205 202 202 201 199 196 194 192 188
 203 205 207 206 208 207 208 207 206 204 202 200 197 195 193 190
 205 206 207 208 209 209 208 208 206 206 204 201 198 195 195 192
 205 207 208 209 210 210 209 209 207 206 204 201 191 157 175 192
 206 208 209 210 211 211 210 210 207 206 204 201 162  16  91 192
 207 209 210 211 211 211 211 210 209 208 205 203 162  19  94 192
 208 209 211 210 211 211 212 210 208 206 205 201 159  20  97 192
 207 210 210 173  86  83  79  82  79  76  64  68  62  21  98 193
 208 209 210 147  21  22  22  22  22  22  22  22  22  22  85 193
 207 210 210 186 136 152 149 148 150 145 151 148 123  22  82 194
 207 210 210 211 212 212 211 211 209 207 206 203 166  21  86 194
 207 209 210 211 212 211 211 210 209 208 206 204 168  21  92 194
 206 209 209 209 211 211 211 209 209 207 206 203 176  70 119 194
 110 118 122 117 122 110 201 210 208 206 205 203 200 200 195 194
  22  22  22  22  22  16 193 209 207 206 204 202 200 198 194 192
  22  22  22  22  22  16 194 207 206 205 202 201 198 196 194 191
 198 200 198 202 201 201 200 201 200 199 197 192 191 190 188 186
 202 203 205 206 206 206 205 204 203 201 199 196 196 193 192 188
 202 205 206 206 206 208 207 205 204 202 200 197 195 194 189 188
 203 205 207 208 209 208 206 207 205 203 201 199 191 160 169 187
 204 206 208 208 209 207 208 206 205 203 201 199 175  32  89 188
 204 206 209 209 208 209 207 207 207 203 201 200 173  28  87 188
 205 206 209 208 209 209 207 207 206 204 201 199 170  26  90 189
 205 206 209 175  91  85  77  83  74  73  74  73  68  22  92 188
 204 206 207 156  21  22  22  22  22  22  22  20  21  21  83 190
 204 206 207 197 148 158 153 146 151 151 159 153 141  21  84 188
 204 205 208 208 208 208 208 204 204 202 200 197 180  22  90 187
 204 205 207 207 208 208 207 206 206 204 201 197 172  21 100 187
 203 203 205 207 206 207 207 205 203 203 201 199 178  71 120 186
 112 115 121 110 117 124 195 206 204 203 199 197 194 185 189 185
  22  22  22  22  22  27 182 203 203 201 198 197 194 190 189 185
  22  22  22  22  22  25 184 202 201 200 198 196 192 190 189 182

