#the number of patterns to be recognized
6

#marker 1
patterns/artoolkit/multi/a.patt
40.0
0.0 0.0
1.0000 0.0000 0.0000 -100.0000
0.0000 1.0000 0.0000   50.0000
0.0000 0.0000 1.0000    0.0000

#marker 2
patterns/artoolkit/multi/b.patt
40.0
0.0 0.0
1.0000 0.0000 0.0000    0.0000
0.0000 1.0000 0.0000   50.0000
0.0000 0.0000 1.0000    0.0000

#marker 3
patterns/artoolkit/multi/c.patt
40.0
0.0 0.0
1.0000 0.0000 0.0000  100.0000
0.0000 1.0000 0.0000   50.0000
0.0000 0.0000 1.0000    0.0000

#marker 4
patterns/artoolkit/multi/d.patt
40.0
0.0 0.0
1.0000 0.0000 0.0000 -100.0000
0.0000 1.0000 0.0000  -50.0000
0.0000 0.0000 1.0000    0.0000

#marker 5
patterns/artoolkit/multi/g.patt
40.0
0.0 0.0
1.0000 0.0000 0.0000    0.0000
0.0000 1.0000 0.0000  -50.0000
0.0000 0.0000 1.0000    0.0000

#marker 6
patterns/artoolkit/multi/f.patt
40.0
0.0 0.0
1.0000 0.0000 0.0000  100.0000
0.0000 1.0000 0.0000  -50.0000
0.0000 0.0000 1.0000    0.0000
